iter,rank,ant_move_s,phen_sync_s,evaporation_s,total_s
1,1,0.00192007,0.0148588,0.000976025,0.0177549
2,1,0.00331039,0.0258574,0.00162007,0.0307879
3,1,0.00462161,0.0333449,0.00235623,0.0403227
4,1,0.00581688,0.0393089,0.00306315,0.0481889
5,1,0.00727343,0.0457659,0.00341557,0.0564549
6,1,0.00858721,0.051477,0.0036986,0.0637629
7,1,0.00960627,0.0571339,0.00446575,0.071206
8,1,0.0125351,0.0619237,0.00502193,0.0794807
9,1,0.0137902,0.0671412,0.00610648,0.0870378
10,1,0.015243,0.0763865,0.00734383,0.0989733
11,1,0.0187902,0.0856405,0.00783823,0.112269
12,1,0.0199701,0.0927382,0.00850361,0.121212
13,1,0.0211566,0.09746,0.00890454,0.127521
14,1,0.0226931,0.103116,0.00947527,0.135284
15,1,0.0238788,0.108154,0.00985043,0.141883
16,1,0.0249285,0.113959,0.0101686,0.149056
17,1,0.0260681,0.119061,0.0105458,0.155675
18,1,0.0272256,0.123836,0.0110945,0.162156
19,1,0.0282939,0.12969,0.0113227,0.169307
20,1,0.0295075,0.134603,0.0115443,0.175655
21,1,0.0307392,0.13966,0.0119066,0.182306
22,1,0.0323914,0.143883,0.0124983,0.188773
23,1,0.0336824,0.148583,0.0129109,0.195176
24,1,0.0348957,0.153522,0.0130879,0.201506
25,1,0.0360717,0.158476,0.013546,0.208094
26,1,0.0372548,0.166337,0.0155402,0.219132
27,1,0.0383751,0.171735,0.0157755,0.225886
28,1,0.0393166,0.176912,0.0161398,0.232369
29,1,0.0404975,0.18243,0.0166749,0.239602
30,1,0.0418519,0.187216,0.0171063,0.246174
31,1,0.0429796,0.192347,0.0174205,0.252747
32,1,0.043877,0.197319,0.0178326,0.259029
33,1,0.0452351,0.202371,0.0182305,0.265836
34,1,0.0463317,0.207735,0.0185951,0.272662
35,1,0.0476232,0.213549,0.0191418,0.280314
36,1,0.0487971,0.218801,0.0193316,0.28693
37,1,0.0499799,0.223341,0.019696,0.293017
38,1,0.0512334,0.22859,0.0199498,0.299774
39,1,0.0525019,0.233094,0.0203992,0.305996
40,1,0.0536001,0.237912,0.0208728,0.312385
41,1,0.0548928,0.242862,0.0213737,0.319129
42,1,0.0564095,0.247348,0.0217612,0.325519
43,1,0.0573982,0.252072,0.02219,0.331661
44,1,0.0584414,0.257116,0.0225181,0.338075
45,1,0.0598806,0.261368,0.0228634,0.344112
46,1,0.0611761,0.266143,0.0232655,0.350585
47,1,0.0624255,0.270804,0.0236775,0.356907
48,1,0.0636321,0.275245,0.0240125,0.362889
49,1,0.0647809,0.279618,0.0245973,0.368996
50,1,0.066075,0.283778,0.0250167,0.374869
51,1,0.0674729,0.288531,0.0253811,0.381385
52,1,0.0687688,0.293116,0.0257923,0.387677
53,1,0.0699975,0.29764,0.0261723,0.393809
54,1,0.0711756,0.302263,0.0266542,0.400092
55,1,0.0723792,0.306714,0.0271599,0.406253
56,1,0.0736514,0.311466,0.0275718,0.412689
57,1,0.0748432,0.316448,0.0279724,0.419264
58,1,0.0760421,0.321036,0.0283397,0.425418
59,1,0.0772253,0.325859,0.0287759,0.43186
60,1,0.0784341,0.331884,0.029601,0.439919
61,1,0.0792699,0.336801,0.0298809,0.445952
62,1,0.0804191,0.34127,0.0302186,0.451907
63,1,0.0816106,0.346222,0.0306974,0.45853
64,1,0.0827624,0.351058,0.0309154,0.464736
65,1,0.0838467,0.355845,0.0315703,0.471262
66,1,0.0850299,0.360957,0.0320072,0.477994
67,1,0.0861438,0.365519,0.0324223,0.484085
68,1,0.087283,0.371132,0.0329031,0.491318
69,1,0.0886236,0.375572,0.0333315,0.497527
70,1,0.0897038,0.380506,0.0337123,0.503923
71,1,0.0911349,0.38546,0.0340046,0.510599
72,1,0.0924156,0.389983,0.0344253,0.516824
73,1,0.093499,0.394697,0.0348091,0.523005
74,1,0.0947132,0.399164,0.0350371,0.528915
75,1,0.0956759,0.403592,0.0355214,0.53479
76,1,0.0969466,0.408137,0.0359001,0.540984
77,1,0.0980756,0.413,0.0362547,0.54733
78,1,0.0995117,0.417969,0.0366841,0.554165
79,1,0.100743,0.422331,0.0371163,0.56019
80,1,0.102035,0.426437,0.0374414,0.565914
81,1,0.10328,0.43097,0.0377977,0.572048
82,1,0.104476,0.435471,0.0381597,0.578107
83,1,0.105373,0.440131,0.038635,0.584139
84,1,0.106713,0.444452,0.0389665,0.590131
85,1,0.107885,0.449034,0.0393098,0.596229
86,1,0.109141,0.453323,0.0396461,0.60211
87,1,0.11043,0.45781,0.040007,0.608247
88,1,0.111655,0.462311,0.0404201,0.614387
89,1,0.112937,0.466881,0.0408172,0.620636
90,1,0.114214,0.47133,0.0411917,0.626736
91,1,0.115533,0.476176,0.0416383,0.633347
92,1,0.116693,0.481051,0.0438282,0.641573
93,1,0.117806,0.485564,0.0442513,0.647621
94,1,0.119228,0.490492,0.0445348,0.654254
95,1,0.120207,0.495213,0.044916,0.660336
96,1,0.121372,0.499739,0.0451607,0.666272
97,1,0.122484,0.504274,0.0455788,0.672336
98,1,0.123838,0.508964,0.0460061,0.678808
99,1,0.125027,0.513558,0.0464809,0.685067
100,1,0.125969,0.518416,0.0471302,0.691515
101,1,0.12713,0.523329,0.0475902,0.698049
102,1,0.128195,0.527973,0.0479269,0.704095
103,1,0.129311,0.532857,0.0481917,0.71036
104,1,0.130563,0.537567,0.0486677,0.716797
105,1,0.131613,0.541885,0.0490118,0.722509
106,1,0.132468,0.546864,0.0492692,0.728601
107,1,0.133658,0.551525,0.0496653,0.734848
108,1,0.134508,0.556507,0.05002,0.741035
109,1,0.135702,0.560985,0.0505817,0.747268
110,1,0.136807,0.565661,0.051046,0.753514
111,1,0.137701,0.570621,0.0513311,0.759653
112,1,0.13884,0.575347,0.0516429,0.76583
113,1,0.139827,0.580214,0.0519184,0.771959
114,1,0.141259,0.584497,0.0522001,0.777957
115,1,0.14254,0.588915,0.0524289,0.783884
116,1,0.143634,0.593241,0.0528312,0.789707
117,1,0.144663,0.598183,0.0531096,0.795955
118,1,0.145916,0.602774,0.0534247,0.802115
119,1,0.147045,0.607331,0.0538108,0.808186
120,1,0.148457,0.612746,0.0541708,0.815373
121,1,0.149844,0.617143,0.0544551,0.821442
122,1,0.151171,0.621535,0.0549279,0.827634
123,1,0.152469,0.626151,0.0553345,0.833954
124,1,0.153649,0.631168,0.0556344,0.840452
125,1,0.154821,0.635762,0.0559359,0.846519
126,1,0.155843,0.640406,0.0561333,0.852381
127,1,0.156634,0.645403,0.0564602,0.858497
128,1,0.15782,0.65034,0.0567332,0.864894
129,1,0.159029,0.654874,0.0571064,0.87101
130,1,0.160166,0.659505,0.0574324,0.877104
131,1,0.161264,0.664502,0.0577195,0.883485
132,1,0.162456,0.669189,0.0582785,0.889924
133,1,0.163578,0.673919,0.05873,0.896227
134,1,0.164839,0.678906,0.0592907,0.903035
135,1,0.166449,0.684789,0.0609583,0.912196
136,1,0.167559,0.690259,0.0612808,0.919098
137,1,0.168719,0.694938,0.0615621,0.925219
138,1,0.169992,0.699533,0.0618907,0.931415
139,1,0.171154,0.704641,0.0622601,0.938055
140,1,0.172378,0.709211,0.0628197,0.944409
141,1,0.17318,0.71392,0.0632668,0.950368
142,1,0.174454,0.718265,0.0636854,0.956404
143,1,0.175495,0.723336,0.0640913,0.962922
144,1,0.17649,0.728212,0.0645032,0.969205
145,1,0.177586,0.73304,0.064821,0.975447
146,1,0.178785,0.737734,0.0652503,0.981769
147,1,0.179831,0.74245,0.0656693,0.98795
148,1,0.181096,0.747189,0.0661578,0.994442
149,1,0.182387,0.751943,0.0664975,1.00083
150,1,0.183638,0.75659,0.0667363,1.00696
151,1,0.184821,0.761029,0.0670953,1.01295
152,1,0.186239,0.765101,0.0674853,1.01883
153,1,0.187541,0.769444,0.0679093,1.02489
154,1,0.188744,0.774004,0.0682372,1.03099
155,1,0.18978,0.778885,0.0685935,1.03726
156,1,0.190647,0.783512,0.0691783,1.04334
157,1,0.191587,0.788395,0.0694752,1.04946
158,1,0.192631,0.794227,0.0697548,1.05661
159,1,0.193711,0.799595,0.0702155,1.06352
160,1,0.194716,0.804146,0.0705425,1.0694
161,1,0.195786,0.808765,0.0708937,1.07544
162,1,0.196976,0.813352,0.0713349,1.08166
163,1,0.198192,0.817575,0.0717607,1.08753
164,1,0.199412,0.822192,0.0720297,1.09363
165,1,0.200693,0.826632,0.0725316,1.09986
166,1,0.201935,0.831552,0.0728756,1.10636
167,1,0.203107,0.836271,0.0731218,1.1125
168,1,0.204146,0.840794,0.0734718,1.11841
169,1,0.205337,0.845287,0.0738228,1.12445
170,1,0.20644,0.850018,0.0740814,1.13054
171,1,0.207632,0.854491,0.0744675,1.13659
172,1,0.208851,0.858964,0.0748675,1.14268
173,1,0.210083,0.863381,0.0752366,1.1487
174,1,0.211128,0.867925,0.0755113,1.15456
175,1,0.212233,0.872875,0.0758681,1.16098
176,1,0.213411,0.877485,0.0762632,1.16716
177,1,0.21467,0.882197,0.0766613,1.17353
178,1,0.216006,0.886481,0.0771176,1.1796
179,1,0.217157,0.890804,0.077457,1.18542
180,1,0.218415,0.895755,0.0778755,1.19205
181,1,0.219711,0.901366,0.0782779,1.19936
182,1,0.220843,0.905897,0.0790895,1.20583
183,1,0.221804,0.910458,0.0795081,1.21177
184,1,0.222881,0.915517,0.0798484,1.21825
185,1,0.227356,0.919256,0.0801367,1.22675
186,1,0.228626,0.923707,0.0806116,1.23294
187,1,0.229953,0.928281,0.0811531,1.23939
188,1,0.231181,0.932806,0.0814793,1.24547
189,1,0.23235,0.937303,0.0819239,1.25158
190,1,0.233638,0.94183,0.0823647,1.25783
191,1,0.235277,0.945689,0.082729,1.2637
192,1,0.236534,0.950239,0.0829762,1.26975
193,1,0.237435,0.954836,0.0832659,1.27554
194,1,0.238684,0.959262,0.0835352,1.28148
195,1,0.239909,0.964051,0.0839899,1.28795
196,1,0.241131,0.96853,0.0844534,1.29411
197,1,0.242256,0.973096,0.0848779,1.30023
198,1,0.24345,0.977733,0.0851273,1.30631
199,1,0.244556,0.982459,0.0854976,1.31251
200,1,0.24562,0.987307,0.0858555,1.31878
201,1,0.246664,0.991895,0.0862331,1.32479
202,1,0.247494,0.996952,0.0866404,1.33109
203,1,0.248742,1.00154,0.0869329,1.33721
204,1,0.249935,1.00619,0.0874077,1.34354
205,1,0.251083,1.01069,0.087732,1.3495
206,1,0.252217,1.01539,0.0880571,1.35567
207,1,0.253334,1.02039,0.0883749,1.36209
208,1,0.254515,1.02521,0.0888506,1.36858
209,1,0.255675,1.02986,0.0892455,1.37478
210,1,0.256822,1.03452,0.0897516,1.3811
211,1,0.258017,1.03993,0.0901216,1.38807
212,1,0.25909,1.04467,0.0905395,1.3943
213,1,0.26015,1.04987,0.0910775,1.40109
214,1,0.261362,1.05457,0.0914391,1.40737
215,1,0.262368,1.05927,0.0918286,1.41347
216,1,0.263607,1.06379,0.0923182,1.41972
217,1,0.26469,1.06821,0.0927316,1.42563
218,1,0.265827,1.07276,0.0931378,1.43173
219,1,0.267079,1.07763,0.0936271,1.43834
220,1,0.268365,1.08217,0.0940749,1.44461
221,1,0.26966,1.08666,0.0972409,1.45356
222,1,0.270938,1.09132,0.0975925,1.45985
223,1,0.272218,1.09606,0.0978026,1.46608
224,1,0.273388,1.10124,0.098158,1.47278
225,1,0.274631,1.10615,0.0985751,1.47935
226,1,0.275815,1.11081,0.0989738,1.4856
227,1,0.276957,1.11518,0.0993655,1.4915
228,1,0.278109,1.11988,0.0997859,1.49778
229,1,0.279245,1.12455,0.10025,1.50405
230,1,0.280416,1.12953,0.100753,1.5107
231,1,0.28142,1.13399,0.101108,1.51652
232,1,0.282545,1.1386,0.101506,1.52265
233,1,0.283837,1.14293,0.101823,1.52859
234,1,0.28489,1.14731,0.102152,1.53435
235,1,0.286032,1.15179,0.10259,1.54041
236,1,0.287232,1.15639,0.102882,1.5465
237,1,0.288401,1.16097,0.103166,1.55254
238,1,0.289511,1.16572,0.103638,1.55887
239,1,0.290858,1.17024,0.104163,1.56526
240,1,0.291907,1.17489,0.104461,1.57126
241,1,0.293062,1.17948,0.104977,1.57752
242,1,0.294721,1.18494,0.105717,1.58538
243,1,0.296577,1.19088,0.106073,1.59353
244,1,0.297316,1.19595,0.106396,1.59966
245,1,0.298366,1.20054,0.106689,1.60559
246,1,0.299701,1.20519,0.107243,1.61213
247,1,0.30085,1.21004,0.107774,1.61866
248,1,0.303202,1.21393,0.108138,1.62527
249,1,0.304477,1.21895,0.108364,1.63179
250,1,0.305634,1.22373,0.108658,1.63802
251,1,0.307065,1.22916,0.10908,1.64531
252,1,0.308153,1.23384,0.109397,1.65139
253,1,0.309232,1.23857,0.109711,1.65751
254,1,0.310289,1.24379,0.110112,1.66419
255,1,0.311314,1.24846,0.110522,1.67029
256,1,0.312412,1.25299,0.110894,1.67629
257,1,0.313571,1.25762,0.111283,1.68248
258,1,0.314819,1.26259,0.111666,1.68908
259,1,0.316116,1.26745,0.112177,1.69574
260,1,0.317344,1.27188,0.112594,1.70182
261,1,0.318582,1.27668,0.113037,1.7083
262,1,0.319814,1.28131,0.113523,1.71465
263,1,0.320939,1.28582,0.113866,1.72062
264,1,0.322149,1.29076,0.114179,1.72709
265,1,0.323153,1.29621,0.114633,1.734
266,1,0.324325,1.30073,0.114927,1.73998
267,1,0.325331,1.30536,0.115292,1.74598
268,1,0.326404,1.31015,0.115602,1.75216
269,1,0.327422,1.31445,0.115957,1.75783
270,1,0.328592,1.31904,0.116251,1.76389
271,1,0.329755,1.32354,0.116576,1.76988
272,1,0.330835,1.32853,0.117008,1.77638
273,1,0.331871,1.33433,0.117492,1.78369
274,1,0.333411,1.33998,0.117849,1.79124
275,1,0.334568,1.34481,0.118215,1.7976
276,1,0.335766,1.34925,0.118604,1.80362
277,1,0.336811,1.35389,0.11889,1.80959
278,1,0.338005,1.35864,0.1192,1.81584
279,1,0.339271,1.36344,0.119684,1.8224
280,1,0.34025,1.3681,0.120014,1.82836
281,1,0.341354,1.3725,0.12039,1.83424
282,1,0.342614,1.37683,0.120844,1.84029
283,1,0.343786,1.38129,0.12115,1.84622
284,1,0.344909,1.38576,0.121605,1.85227
285,1,0.345921,1.3902,0.122019,1.85814
286,1,0.347012,1.39508,0.122346,1.86443
287,1,0.348141,1.39963,0.122892,1.87066
288,1,0.349242,1.4041,0.123285,1.87662
289,1,0.350495,1.40905,0.123478,1.88302
290,1,0.35167,1.41371,0.12401,1.88939
291,1,0.35288,1.41813,0.124391,1.89541
292,1,0.35397,1.42303,0.124728,1.90173
293,1,0.355057,1.42778,0.12496,1.9078
294,1,0.356234,1.43282,0.125303,1.91435
295,1,0.357395,1.43747,0.125676,1.92054
296,1,0.358229,1.44261,0.125935,1.92677
297,1,0.359128,1.4477,0.126217,1.93304
298,1,0.360141,1.45232,0.126531,1.93899
299,1,0.361408,1.45686,0.12693,1.94519
300,1,0.362412,1.46173,0.127298,1.95144
301,1,0.363694,1.46624,0.127632,1.95756
302,1,0.364804,1.47075,0.128002,1.96356
303,1,0.366005,1.47529,0.128586,1.96988
304,1,0.367095,1.47975,0.128926,1.97577
305,1,0.36824,1.48435,0.129363,1.98196
306,1,0.369233,1.48977,0.129804,1.98881
307,1,0.370472,1.49453,0.130118,1.99512
308,1,0.373698,1.49802,0.13035,2.00207
309,1,0.374748,1.50345,0.130819,2.00902
310,1,0.375982,1.50842,0.131282,2.01568
311,1,0.377058,1.51285,0.13167,2.02158
312,1,0.378279,1.51739,0.132109,2.02778
313,1,0.379305,1.52199,0.132445,2.03374
314,1,0.380497,1.52696,0.13292,2.04038
315,1,0.381557,1.53154,0.133281,2.04638
316,1,0.382693,1.53623,0.13372,2.05264
317,1,0.383852,1.54084,0.134189,2.05889
318,1,0.385105,1.54538,0.134625,2.06511
319,1,0.386201,1.55007,0.134907,2.07118
320,1,0.387119,1.55458,0.135456,2.07716
321,1,0.388288,1.55908,0.135783,2.08315
322,1,0.389601,1.56363,0.136119,2.08935
323,1,0.39075,1.56815,0.136596,2.0955
324,1,0.391954,1.57269,0.137059,2.1017
325,1,0.393003,1.57734,0.137391,2.10773
326,1,0.394013,1.58235,0.137629,2.11399
327,1,0.395073,1.58699,0.138033,2.12009
328,1,0.396185,1.59158,0.13831,2.12608
329,1,0.397182,1.59675,0.13873,2.13266
330,1,0.398409,1.60176,0.139218,2.13939
331,1,0.399688,1.60631,0.139605,2.1456
332,1,0.400761,1.61095,0.139965,2.15168
333,1,0.401967,1.61535,0.140369,2.15769
334,1,0.403102,1.61993,0.140707,2.16374
335,1,0.404179,1.62525,0.141121,2.17054
336,1,0.40517,1.63003,0.14146,2.17666
337,1,0.406339,1.63466,0.141742,2.18274
338,1,0.407223,1.63987,0.141938,2.18903
339,1,0.408816,1.64462,0.142307,2.19574
340,1,0.410094,1.64887,0.14275,2.20171
341,1,0.411274,1.65341,0.143128,2.20781
342,1,0.41244,1.658,0.143456,2.21389
343,1,0.413656,1.66267,0.143869,2.2202
344,1,0.414818,1.66771,0.144171,2.2267
345,1,0.416021,1.67225,0.144575,2.23284
346,1,0.417233,1.6772,0.144857,2.23929
347,1,0.41838,1.68181,0.145231,2.24542
348,1,0.419339,1.68646,0.145551,2.25135
349,1,0.420396,1.69089,0.146033,2.25731
350,1,0.421542,1.69547,0.146322,2.26333
351,1,0.422548,1.70001,0.146654,2.26921
352,1,0.423521,1.70474,0.147095,2.27536
353,1,0.424672,1.70938,0.147471,2.28153
354,1,0.425624,1.71433,0.148354,2.28831
355,1,0.427008,1.71853,0.148704,2.29424
356,1,0.428304,1.72353,0.148953,2.30078
357,1,0.429587,1.73082,0.14934,2.30975
358,1,0.43082,1.73524,0.149717,2.31578
359,1,0.431986,1.74006,0.150069,2.32212
360,1,0.43318,1.745,0.150609,2.32879
361,1,0.434401,1.74995,0.15091,2.33527
362,1,0.435607,1.75454,0.151365,2.34152
363,1,0.436858,1.75919,0.151742,2.34779
364,1,0.437845,1.764,0.15203,2.35388
365,1,0.439179,1.76906,0.152429,2.36067
366,1,0.440151,1.77384,0.152799,2.36679
367,1,0.441329,1.77904,0.154019,2.37439
368,1,0.442489,1.7837,0.154388,2.38057
369,1,0.443804,1.78823,0.154839,2.38687
370,1,0.445144,1.79287,0.155119,2.39313
371,1,0.44603,1.79788,0.155405,2.39932
372,1,0.447085,1.80298,0.155835,2.4059
373,1,0.448478,1.80752,0.15614,2.41214
374,1,0.449465,1.81224,0.156462,2.41817
375,1,0.450618,1.81734,0.156768,2.42473
376,1,0.451592,1.82215,0.157044,2.43079
377,1,0.452636,1.82677,0.157366,2.43678
378,1,0.453885,1.83142,0.157839,2.44314
379,1,0.455126,1.83642,0.158276,2.44982
380,1,0.456355,1.84095,0.158829,2.45613
381,1,0.45756,1.8453,0.159177,2.46204
382,1,0.458278,1.85031,0.15954,2.46813
383,1,0.45931,1.85481,0.159934,2.47406
384,1,0.46039,1.86019,0.160446,2.48102
385,1,0.461702,1.86459,0.160937,2.48723
386,1,0.462831,1.86929,0.16126,2.49338
387,1,0.464099,1.874,0.161801,2.4999
388,1,0.46533,1.87848,0.162196,2.506
389,1,0.466433,1.88308,0.162544,2.51205
390,1,0.467482,1.88752,0.162931,2.51793
391,1,0.468527,1.8924,0.163255,2.52419
392,1,0.469595,1.89695,0.163592,2.53014
393,1,0.470647,1.90167,0.163876,2.53619
394,1,0.471702,1.90672,0.164227,2.54265
395,1,0.472858,1.91161,0.165008,2.54947
396,1,0.474045,1.91655,0.165355,2.55595
397,1,0.475306,1.92101,0.165655,2.56197
398,1,0.476435,1.92571,0.166066,2.56821
399,1,0.477851,1.93154,0.16628,2.57568
400,1,0.478752,1.93783,0.166664,2.58324
401,1,0.479925,1.94329,0.167104,2.59032
402,1,0.481274,1.94871,0.167593,2.59758
403,1,0.482804,1.95424,0.168124,2.60517
404,1,0.484668,1.95928,0.168555,2.61251
405,1,0.486053,1.96466,0.172292,2.62301
406,1,0.48714,1.97023,0.174869,2.63224
407,1,0.488245,1.97514,0.175248,2.63864
408,1,0.489548,1.98056,0.1756,2.64571
409,1,0.490896,1.98551,0.176046,2.65246
410,1,0.492117,1.99166,0.176475,2.66025
411,1,0.493785,1.99718,0.176757,2.66772
412,1,0.49501,2.00207,0.177311,2.67439
413,1,0.49599,2.00704,0.177632,2.68067
414,1,0.497226,2.01149,0.178018,2.68673
415,1,0.498362,2.01632,0.17841,2.69309
416,1,0.499671,2.02219,0.178674,2.70053
417,1,0.500613,2.02955,0.179288,2.70945
418,1,0.502072,2.03522,0.179972,2.71726
419,1,0.503723,2.04067,0.180341,2.72473
420,1,0.505314,2.04583,0.180833,2.73198
421,1,0.507351,2.05111,0.181412,2.73987
422,1,0.508455,2.05645,0.181662,2.74657
423,1,0.51028,2.06162,0.182278,2.75418
424,1,0.511728,2.06649,0.182799,2.76102
425,1,0.512994,2.07259,0.183089,2.76868
426,1,0.514375,2.07868,0.183501,2.77655
427,1,0.515806,2.08352,0.183775,2.78311
428,1,0.517301,2.08828,0.184174,2.78975
429,1,0.518348,2.09429,0.184485,2.79712
430,1,0.519614,2.10005,0.184763,2.80443
431,1,0.520784,2.10508,0.185347,2.81121
432,1,0.522326,2.11023,0.185698,2.81825
433,1,0.523775,2.11555,0.186798,2.82612
434,1,0.524942,2.12041,0.18716,2.83251
435,1,0.526143,2.12508,0.187509,2.83874
436,1,0.527399,2.13018,0.187807,2.84538
437,1,0.528815,2.13473,0.188108,2.85165
438,1,0.529848,2.13953,0.188356,2.85773
439,1,0.531171,2.14452,0.188672,2.86437
440,1,0.532213,2.14954,0.189035,2.87079
441,1,0.533369,2.15454,0.189482,2.87739
442,1,0.534541,2.15924,0.189791,2.88357
443,1,0.535576,2.16395,0.190179,2.8897
444,1,0.536344,2.16873,0.190505,2.89558
445,1,0.537518,2.17368,0.191101,2.9023
446,1,0.538947,2.17818,0.19172,2.90885
447,1,0.539996,2.18308,0.192124,2.9152
448,1,0.541102,2.18833,0.192535,2.92197
449,1,0.542253,2.19326,0.192748,2.92826
450,1,0.543323,2.19829,0.193084,2.9347
451,1,0.544615,2.20314,0.193677,2.94143
452,1,0.545861,2.20772,0.194177,2.94776
453,1,0.547019,2.21245,0.194582,2.95405
454,1,0.548196,2.21757,0.194824,2.96059
455,1,0.549403,2.22246,0.195593,2.96746
456,1,0.550564,2.22758,0.1961,2.97424
457,1,0.551978,2.2322,0.196575,2.98076
458,1,0.556776,2.23576,0.196907,2.98944
459,1,0.557894,2.24089,0.197323,2.99611
460,1,0.558817,2.24618,0.197749,3.00275
461,1,0.560179,2.25127,0.19839,3.00984
462,1,0.561147,2.25609,0.198766,3.016
463,1,0.562425,2.26049,0.199216,3.02214
464,1,0.563601,2.26516,0.199503,3.02826
465,1,0.564544,2.26998,0.199793,3.03431
466,1,0.565477,2.27504,0.20018,3.0407
467,1,0.566662,2.27996,0.200675,3.0473
468,1,0.567667,2.28476,0.201067,3.0535
469,1,0.569052,2.29015,0.201381,3.06059
470,1,0.570815,2.298,0.201955,3.07077
471,1,0.572265,2.30324,0.202344,3.07785
472,1,0.573491,2.30849,0.202902,3.08488
473,1,0.574838,2.31302,0.203425,3.09128
474,1,0.575844,2.31795,0.203786,3.09758
475,1,0.577128,2.32215,0.204124,3.10341
476,1,0.578373,2.32682,0.204507,3.1097
477,1,0.579352,2.33177,0.205082,3.1162
478,1,0.580483,2.33654,0.206587,3.12361
479,1,0.581596,2.34079,0.206955,3.12934
480,1,0.582687,2.34518,0.207338,3.1352
481,1,0.583908,2.34988,0.207546,3.14133
482,1,0.58486,2.35471,0.208022,3.14759
483,1,0.5861,2.35913,0.208361,3.15359
484,1,0.587216,2.36394,0.208904,3.16006
485,1,0.588277,2.36871,0.209321,3.1663
486,1,0.589435,2.3752,0.209817,3.17445
487,1,0.590774,2.38072,0.210318,3.18181
488,1,0.591766,2.38579,0.210774,3.18833
489,1,0.592991,2.39107,0.211272,3.19533
490,1,0.594322,2.39591,0.211781,3.20201
491,1,0.595509,2.40079,0.212236,3.20853
492,1,0.59668,2.40535,0.212686,3.21472
493,1,0.597797,2.41115,0.213158,3.2221
494,1,0.599454,2.41925,0.213493,3.2322
495,1,0.600701,2.42472,0.21379,3.23921
496,1,0.601827,2.43023,0.2142,3.24625
497,1,0.603111,2.43477,0.214468,3.25235
498,1,0.604623,2.44045,0.21482,3.2599
499,1,0.606203,2.44616,0.21522,3.26759
500,1,0.607428,2.45179,0.215389,3.27461
501,1,0.608652,2.45657,0.215807,3.28103
502,1,0.610154,2.46226,0.216094,3.28851
503,1,0.611542,2.46803,0.216503,3.29607
504,1,0.613419,2.47289,0.216746,3.30305
505,1,0.614846,2.47844,0.217057,3.31035
506,1,0.615987,2.48426,0.217347,3.31759
507,1,0.617278,2.48942,0.21786,3.32456
508,1,0.618354,2.49435,0.218466,3.33117
509,1,0.619542,2.49965,0.218941,3.33813
510,1,0.620873,2.50457,0.219473,3.34491
511,1,0.621896,2.51078,0.220415,3.35309
512,1,0.623289,2.5171,0.22076,3.36115
513,1,0.624757,2.52237,0.221057,3.36818
514,1,0.62596,2.52738,0.221573,3.37491
515,1,0.627367,2.53202,0.22191,3.3813
516,1,0.628596,2.53738,0.222449,3.38843
517,1,0.630487,2.54364,0.22301,3.39714
518,1,0.6321,2.54915,0.223438,3.40469
519,1,0.633071,2.55499,0.223759,3.41182
520,1,0.634155,2.55963,0.224422,3.4182
521,1,0.63554,2.56429,0.224756,3.42458
522,1,0.636702,2.56936,0.225143,3.4312
523,1,0.63813,2.5737,0.22551,3.43734
524,1,0.639301,2.5785,0.225896,3.4437
525,1,0.640129,2.58353,0.226212,3.44987
526,1,0.641546,2.58903,0.22647,3.45704
527,1,0.642605,2.59508,0.226763,3.46445
528,1,0.64446,2.60128,0.22749,3.47323
529,1,0.646035,2.60704,0.227831,3.4809
530,1,0.647478,2.61242,0.228199,3.4881
531,1,0.648413,2.61763,0.228593,3.49464
532,1,0.649577,2.62247,0.228931,3.50098
533,1,0.650798,2.62695,0.229348,3.5071
534,1,0.651881,2.63214,0.22972,3.51374
535,1,0.653089,2.63665,0.230326,3.52007
536,1,0.654279,2.64128,0.230586,3.52614
537,1,0.655395,2.64626,0.231177,3.53283
538,1,0.656512,2.6508,0.231566,3.53888
539,1,0.657633,2.6554,0.231996,3.54503
540,1,0.658855,2.66016,0.233167,3.55218
541,1,0.660026,2.66539,0.23357,3.55899
542,1,0.661177,2.66994,0.234062,3.56517
543,1,0.66226,2.67491,0.234442,3.57162
544,1,0.663739,2.67941,0.234691,3.57784
545,1,0.664843,2.68433,0.235118,3.58429
546,1,0.665981,2.68921,0.235436,3.59062
547,1,0.667081,2.69403,0.236074,3.59719
548,1,0.668268,2.6989,0.236381,3.60354
549,1,0.669446,2.7044,0.236928,3.61077
550,1,0.670854,2.70894,0.237387,3.61718
551,1,0.672096,2.71346,0.237856,3.62341
552,1,0.6731,2.71849,0.238215,3.6298
553,1,0.674402,2.72565,0.238737,3.63879
554,1,0.6758,2.73163,0.239015,3.64645
555,1,0.677286,2.73704,0.239409,3.65374
556,1,0.67824,2.74232,0.239803,3.66036
557,1,0.679536,2.74694,0.240321,3.6668
558,1,0.680625,2.75183,0.240598,3.67305
559,1,0.681681,2.75679,0.240852,3.67933
560,1,0.682964,2.76177,0.241257,3.68599
561,1,0.683997,2.76681,0.241692,3.6925
562,1,0.685245,2.77185,0.242097,3.69919
563,1,0.688603,2.77716,0.242542,3.7083
564,1,0.690235,2.78269,0.242998,3.71592
565,1,0.691632,2.78811,0.243386,3.72313
566,1,0.69245,2.79298,0.243723,3.72916
567,1,0.693635,2.79768,0.243952,3.73526
568,1,0.69489,2.80232,0.244385,3.7416
569,1,0.695809,2.80755,0.244815,3.74818
570,1,0.697093,2.81211,0.245241,3.75445
571,1,0.698198,2.81687,0.245671,3.76074
572,1,0.699321,2.82187,0.245972,3.76717
573,1,0.700615,2.82704,0.246362,3.77401
574,1,0.701918,2.83149,0.246804,3.78021
575,1,0.703048,2.83609,0.247104,3.78624
576,1,0.70432,2.84076,0.247363,3.79244
577,1,0.705422,2.84529,0.24771,3.79843
578,1,0.706454,2.85041,0.248057,3.80492
579,1,0.707546,2.85523,0.248482,3.81125
580,1,0.709721,2.86196,0.248847,3.82053
581,1,0.710876,2.86738,0.24918,3.82743
582,1,0.71227,2.87246,0.249571,3.83431
583,1,0.713422,2.87689,0.249957,3.84027
584,1,0.714566,2.88225,0.250316,3.84713
585,1,0.715822,2.88739,0.250698,3.85391
586,1,0.71694,2.8925,0.25109,3.86053
587,1,0.718233,2.89731,0.251265,3.8668
588,1,0.71928,2.90209,0.251644,3.87301
589,1,0.721154,2.9082,0.252163,3.88151
590,1,0.722662,2.9141,0.253635,3.8904
591,1,0.72541,2.91949,0.254076,3.89897
592,1,0.727009,2.93122,0.254515,3.91274
593,1,0.728082,2.93606,0.254884,3.91902
594,1,0.728898,2.94151,0.255103,3.92551
595,1,0.729975,2.94646,0.255434,3.93187
596,1,0.731615,2.95119,0.255944,3.93874
597,1,0.733022,2.95601,0.256283,3.94532
598,1,0.733992,2.96156,0.256613,3.95216
599,1,0.73496,2.96689,0.257354,3.9592
600,1,0.736174,2.97182,0.257731,3.96572
601,1,0.737527,2.97728,0.258223,3.97303
602,1,0.738914,2.98225,0.258908,3.98008
603,1,0.739974,2.98763,0.259683,3.98729
604,1,0.741536,2.99294,0.263985,3.99846
605,1,0.743983,3.00271,0.26451,4.0112
606,1,0.746566,3.0098,0.265075,4.02144
607,1,0.747737,3.01579,0.267393,4.03092
608,1,0.749519,3.02196,0.267835,4.03931
609,1,0.750961,3.02933,0.26841,4.0487
610,1,0.752225,3.03523,0.268653,4.05611
611,1,0.753356,3.04095,0.268929,4.06324
612,1,0.754758,3.04562,0.269516,4.0699
613,1,0.755997,3.04987,0.269827,4.0757
614,1,0.757182,3.05457,0.270355,4.08211
615,1,0.758495,3.05907,0.270635,4.0882
616,1,0.759585,3.06381,0.271256,4.09465
617,1,0.761,3.06863,0.271591,4.10122
618,1,0.762295,3.07356,0.272156,4.10802
619,1,0.763644,3.07819,0.272414,4.11425
620,1,0.764781,3.08277,0.272715,4.12027
621,1,0.765896,3.08754,0.27304,4.12648
622,1,0.767031,3.09261,0.273272,4.13291
623,1,0.768377,3.09745,0.273802,4.13963
624,1,0.769631,3.10196,0.274117,4.14571
625,1,0.77086,3.10662,0.274738,4.15222
626,1,0.771893,3.11165,0.275317,4.15886
627,1,0.772937,3.11665,0.275724,4.16531
628,1,0.774096,3.12143,0.276216,4.17174
629,1,0.77544,3.12633,0.276748,4.17851
630,1,0.77666,3.13085,0.277448,4.18496
631,1,0.777953,3.13529,0.277871,4.19111
632,1,0.779105,3.13999,0.278198,4.19729
633,1,0.780032,3.14475,0.278442,4.20322
634,1,0.781098,3.14985,0.278901,4.20985
635,1,0.782211,3.15532,0.279324,4.21686
636,1,0.783381,3.16,0.279707,4.22308
637,1,0.784542,3.16453,0.280101,4.22918
638,1,0.785476,3.1695,0.280396,4.23537
639,1,0.786701,3.17414,0.280835,4.24168
640,1,0.78794,3.17849,0.281152,4.24759
641,1,0.789002,3.18354,0.281633,4.25418
642,1,0.790113,3.18819,0.281939,4.26024
643,1,0.791103,3.19357,0.28217,4.26685
644,1,0.792419,3.19832,0.282522,4.27326
645,1,0.79381,3.2039,0.283188,4.2809
646,1,0.795007,3.20858,0.2835,4.28709
647,1,0.796309,3.21427,0.28391,4.29449
648,1,0.797495,3.2199,0.2842,4.30159
649,1,0.798383,3.22496,0.284516,4.30786
650,1,0.799854,3.2294,0.284896,4.31415
651,1,0.801352,3.23476,0.285328,4.32144
652,1,0.802697,3.24006,0.285753,4.32851
653,1,0.803664,3.24485,0.286204,4.33472
654,1,0.805037,3.24989,0.286643,4.34157
655,1,0.80649,3.25441,0.287009,4.34791
656,1,0.807838,3.25895,0.28737,4.35416
657,1,0.809458,3.26518,0.290643,4.36528
658,1,0.810503,3.29389,0.293972,4.39837
659,1,0.811225,3.30033,0.294286,4.40584
660,1,0.811734,3.30725,0.294598,4.41358
661,1,0.812739,3.31261,0.29501,4.42036
662,1,0.814075,3.31753,0.295269,4.42687
663,1,0.815511,3.32255,0.295535,4.43359
664,1,0.816879,3.32754,0.29598,4.4404
665,1,0.817875,3.33324,0.297092,4.44821
666,1,0.820025,3.34069,0.297451,4.45817
667,1,0.821848,3.34643,0.297928,4.46621
668,1,0.82342,3.35186,0.298282,4.47356
669,1,0.825408,3.35767,0.298633,4.48171
670,1,0.826637,3.36447,0.299078,4.49019
671,1,0.828058,3.3698,0.299462,4.49732
672,1,0.829509,3.37483,0.2997,4.50404
673,1,0.830499,3.3797,0.300062,4.51026
674,1,0.831711,3.38455,0.30046,4.51672
675,1,0.832941,3.38936,0.300943,4.52325
676,1,0.834169,3.3942,0.301336,4.52971
677,1,0.83539,3.3988,0.301696,4.53589
678,1,0.836382,3.40361,0.302047,4.54204
679,1,0.837718,3.4081,0.302553,4.54838
680,1,0.838861,3.41273,0.303068,4.55466
681,1,0.84005,3.41749,0.303436,4.56098
682,1,0.841168,3.42249,0.303796,4.56746
683,1,0.84234,3.42789,0.30403,4.57426
684,1,0.843361,3.43268,0.304289,4.58033
685,1,0.844396,3.4377,0.304599,4.58669
686,1,0.845901,3.44296,0.304993,4.59385
687,1,0.846913,3.44892,0.305524,4.60136
688,1,0.848211,3.45336,0.306123,4.60769
689,1,0.849442,3.45792,0.306433,4.61379
690,1,0.850981,3.46487,0.307007,4.62286
691,1,0.856842,3.47108,0.307877,4.6358
692,1,0.864235,3.47913,0.309698,4.65307
693,1,0.865071,3.48439,0.310009,4.65947
694,1,0.866177,3.48949,0.310334,4.666
695,1,0.867359,3.49458,0.31086,4.6728
696,1,0.868783,3.50015,0.311262,4.6802
697,1,0.870297,3.50563,0.31167,4.6876
698,1,0.871614,3.51122,0.311962,4.69479
699,1,0.874583,3.51784,0.312746,4.70517
700,1,0.876066,3.52337,0.313464,4.7129
701,1,0.877925,3.52936,0.313761,4.72104
702,1,0.879161,3.53667,0.314495,4.73032
703,1,0.88029,3.54231,0.314823,4.73743
704,1,0.88149,3.54759,0.315129,4.74421
705,1,0.88273,3.553,0.315666,4.7514
706,1,0.883606,3.55792,0.316088,4.75761
707,1,0.884687,3.56288,0.316463,4.76403
708,1,0.885705,3.56774,0.316806,4.77025
709,1,0.886693,3.57236,0.317122,4.77617
710,1,0.88784,3.57677,0.317578,4.78219
711,1,0.888854,3.58131,0.317895,4.78805
712,1,0.88981,3.58633,0.318216,4.79435
713,1,0.891075,3.59101,0.318609,4.80069
714,1,0.892197,3.59565,0.31898,4.80683
715,1,0.893263,3.60042,0.31955,4.81323
716,1,0.894324,3.6054,0.319959,4.81969
717,1,0.895761,3.61099,0.320301,4.82705
718,1,0.896679,3.61649,0.320575,4.83374
719,1,0.897455,3.62169,0.321066,4.84021
720,1,0.898299,3.62669,0.32129,4.84628
721,1,0.899526,3.63199,0.321647,4.85316
722,1,0.903245,3.63841,0.325437,4.86709
723,1,0.904064,3.65899,0.325925,4.88898
724,1,0.905253,3.66457,0.32683,4.89666
725,1,0.906592,3.6697,0.327158,4.90345
726,1,0.908028,3.67499,0.327443,4.91046
727,1,0.909271,3.68041,0.327883,4.91757
728,1,0.910652,3.68539,0.32841,4.92445
729,1,0.911987,3.69002,0.328893,4.9309
730,1,0.913007,3.69595,0.329276,4.93823
731,1,0.916121,3.70319,0.33019,4.94951
732,1,0.918355,3.70895,0.330857,4.95816
733,1,0.920301,3.71411,0.331437,4.96585
734,1,0.921846,3.72054,0.331865,4.97425
735,1,0.923293,3.72752,0.332281,4.98309
736,1,0.924769,3.73337,0.332465,4.99061
737,1,0.926311,3.73852,0.332912,4.99774
738,1,0.927283,3.74316,0.333255,5.00369
739,1,0.928451,3.74823,0.333699,5.01038
740,1,0.92965,3.75302,0.334141,5.01681
741,1,0.930942,3.75792,0.334439,5.0233
742,1,0.932122,3.76343,0.3348,5.03035
743,1,0.933412,3.76795,0.335194,5.03655
744,1,0.934578,3.77285,0.335609,5.04304
745,1,0.935782,3.77803,0.336413,5.05022
746,1,0.936806,3.78336,0.336787,5.05695
747,1,0.937986,3.78851,0.337199,5.06369
748,1,0.939363,3.7935,0.337591,5.07045
749,1,0.940854,3.7997,0.337906,5.07845
750,1,0.942094,3.8052,0.338093,5.08539
751,1,0.943438,3.80968,0.33852,5.09164
752,1,0.946451,3.81387,0.339513,5.09984
753,1,0.947992,3.82017,0.340282,5.10844
754,1,0.949411,3.82776,0.340789,5.11796
755,1,0.951082,3.83375,0.341266,5.1261
756,1,0.952843,3.84031,0.341723,5.13488
757,1,0.954509,3.84708,0.342471,5.14406
758,1,0.956031,3.85485,0.34312,5.15401
759,1,0.957359,3.86014,0.343465,5.16096
760,1,0.958768,3.86578,0.343982,5.16854
761,1,0.960092,3.87008,0.344404,5.17457
762,1,0.961524,3.87436,0.344793,5.18068
763,1,0.9628,3.87934,0.345264,5.1874
764,1,0.963813,3.88426,0.345655,5.19372
765,1,0.965069,3.8887,0.346037,5.1998
766,1,0.966214,3.89333,0.346773,5.20632
767,1,0.967266,3.89799,0.347209,5.21246
768,1,0.968429,3.90253,0.347592,5.21856
769,1,0.969428,3.9071,0.347998,5.22453
770,1,0.970206,3.91187,0.348314,5.23039
771,1,0.971423,3.91646,0.348623,5.23651
772,1,0.972698,3.92066,0.349121,5.24247
773,1,0.973837,3.92528,0.349531,5.24865
774,1,0.97528,3.93116,0.349822,5.25626
775,1,0.976811,3.93719,0.352211,5.26622
776,1,0.978089,3.94162,0.352688,5.2724
777,1,0.979206,3.94625,0.35321,5.27866
778,1,0.980377,3.95119,0.353601,5.28516
779,1,0.981412,3.95578,0.354023,5.29122
780,1,0.98255,3.96017,0.354439,5.29716
781,1,0.983693,3.96459,0.354878,5.30316
782,1,0.984633,3.96968,0.355294,5.30961
783,1,0.985711,3.97493,0.355774,5.31641
784,1,0.987118,3.9794,0.356094,5.32261
785,1,0.988278,3.98419,0.356451,5.32892
786,1,0.989327,3.9889,0.356907,5.33513
787,1,0.990259,3.9934,0.3572,5.34086
788,1,0.991214,3.99829,0.358051,5.34755
789,1,0.992358,4.00296,0.358507,5.35382
790,1,0.99346,4.00742,0.358931,5.35981
791,1,0.994494,4.01186,0.359174,5.36553
792,1,0.995628,4.0163,0.359537,5.37146
793,1,0.996566,4.02075,0.359929,5.37724
794,1,0.997647,4.02512,0.360233,5.383
795,1,0.998793,4.0296,0.360664,5.38906
796,1,0.999931,4.03427,0.361217,5.39542
797,1,1.00116,4.03869,0.361507,5.40136
798,1,1.00242,4.04288,0.361868,5.40717
799,1,1.00354,4.04758,0.362366,5.41349
800,1,1.00455,4.05242,0.362757,5.41973
801,1,1.00566,4.05745,0.363009,5.42612
802,1,1.00689,4.06176,0.363639,5.43229
803,1,1.00807,4.06791,0.364077,5.44006
804,1,1.00928,4.07235,0.364574,5.4462
805,1,1.01084,4.07638,0.364873,5.4521
806,1,1.01198,4.08095,0.365391,5.45832
807,1,1.01318,4.08593,0.365744,5.46485
808,1,1.0144,4.09058,0.366114,5.4711
809,1,1.01551,4.09518,0.366534,5.47722
810,1,1.0169,4.10003,0.367129,5.48406
811,1,1.018,4.10518,0.367696,5.49088
812,1,1.0192,4.11011,0.368061,5.49737
813,1,1.02044,4.11557,0.368538,5.50455
814,1,1.02156,4.11999,0.369012,5.51056
815,1,1.02309,4.12414,0.369468,5.51669
816,1,1.0243,4.12859,0.370519,5.52341
817,1,1.02537,4.13316,0.371165,5.5297
818,1,1.02644,4.13829,0.371607,5.53633
819,1,1.02766,4.1433,0.372028,5.54298
820,1,1.02865,4.14845,0.37241,5.5495
821,1,1.02972,4.15363,0.37265,5.556
822,1,1.03052,4.15851,0.373103,5.56213
823,1,1.03142,4.16317,0.373549,5.56814
824,1,1.0325,4.16765,0.373962,5.57411
825,1,1.03358,4.17273,0.377267,5.58357
826,1,1.03468,4.17748,0.377635,5.58979
827,1,1.03565,4.18271,0.377995,5.59636
828,1,1.03676,4.18779,0.378304,5.60285
829,1,1.03761,4.19252,0.378697,5.60883
830,1,1.03875,4.19725,0.379074,5.61508
831,1,1.0398,4.202,0.379446,5.62125
832,1,1.04095,4.20663,0.379835,5.62742
833,1,1.04228,4.21161,0.38025,5.63414
834,1,1.04321,4.21636,0.380563,5.64014
835,1,1.04425,4.22104,0.380875,5.64616
836,1,1.04529,4.22552,0.38123,5.65204
837,1,1.04625,4.23034,0.381582,5.65817
838,1,1.0472,4.23511,0.381935,5.66424
839,1,1.0485,4.23926,0.382276,5.67003
840,1,1.04951,4.2435,0.382594,5.6756
841,1,1.05058,4.24821,0.383033,5.68182
842,1,1.05183,4.25281,0.383315,5.68796
843,1,1.05283,4.25799,0.383776,5.6946
844,1,1.05395,4.26247,0.384132,5.70056
845,1,1.05493,4.26733,0.384421,5.70668
846,1,1.05591,4.27212,0.384675,5.7127
847,1,1.05688,4.27703,0.385041,5.71895
848,1,1.05805,4.28198,0.385465,5.72549
849,1,1.0592,4.28655,0.38572,5.73146
850,1,1.06032,4.29119,0.386072,5.73758
851,1,1.06131,4.29569,0.386455,5.74345
852,1,1.06234,4.30038,0.386781,5.74951
853,1,1.06332,4.30521,0.387056,5.75559
854,1,1.06456,4.31026,0.387296,5.76212
855,1,1.06566,4.31465,0.38773,5.76804
856,1,1.06671,4.31921,0.388109,5.77402
857,1,1.06785,4.32376,0.388535,5.78014
858,1,1.06892,4.32813,0.388941,5.78599
859,1,1.07017,4.3325,0.389235,5.7919
860,1,1.07142,4.33698,0.389461,5.79786
861,1,1.07254,4.34149,0.389911,5.80394
862,1,1.0738,4.34632,0.390293,5.81041
863,1,1.07628,4.35098,0.390931,5.81819
864,1,1.07745,4.35609,0.391315,5.82485
865,1,1.07861,4.36039,0.391589,5.83059
866,1,1.07983,4.36497,0.391982,5.83678
867,1,1.08083,4.37004,0.392391,5.84326
868,1,1.08213,4.37463,0.392746,5.8495
869,1,1.08313,4.37945,0.393062,5.85565
870,1,1.08427,4.38453,0.393546,5.86235
871,1,1.08533,4.389,0.394039,5.86837
872,1,1.08632,4.39365,0.394441,5.87442
873,1,1.08724,4.39874,0.394789,5.88078
874,1,1.08829,4.40311,0.395061,5.88647
875,1,1.08921,4.40774,0.395512,5.89247
876,1,1.09029,4.41283,0.395895,5.89902
877,1,1.09106,4.41779,0.396308,5.90515
878,1,1.09212,4.42246,0.396621,5.9112
879,1,1.09326,4.42715,0.396994,5.91741
880,1,1.09432,4.43159,0.397432,5.92334
881,1,1.09547,4.4364,0.397769,5.92964
882,1,1.09662,4.44114,0.398001,5.93576
883,1,1.0975,4.44569,0.398298,5.94149
884,1,1.0985,4.45023,0.398695,5.94742
885,1,1.09964,4.45488,0.399144,5.95367
886,1,1.10077,4.45943,0.399545,5.95975
887,1,1.10202,4.46407,0.399825,5.96592
888,1,1.1031,4.46863,0.400342,5.97207
889,1,1.10416,4.47358,0.400711,5.97845
890,1,1.1052,4.47832,0.401071,5.98459
891,1,1.10633,4.48286,0.401585,5.99078
892,1,1.10749,4.48786,0.402082,5.99744
893,1,1.10867,4.4927,0.402606,6.00398
894,1,1.1099,4.49731,0.403024,6.01023
895,1,1.11106,4.50188,0.403265,6.01621
896,1,1.11215,4.50696,0.404291,6.0234
897,1,1.11324,4.51155,0.404674,6.02947
898,1,1.11425,4.51666,0.405245,6.03615
899,1,1.11514,4.52269,0.405758,6.04359
900,1,1.11604,4.53123,0.406167,6.05343
901,1,1.11712,4.53582,0.40646,6.0594
902,1,1.11814,4.54041,0.406865,6.06541
903,1,1.11917,4.54558,0.407304,6.07206
904,1,1.12029,4.5506,0.410632,6.08152
905,1,1.12131,4.55525,0.411129,6.08768
906,1,1.12248,4.56071,0.411469,6.09466
907,1,1.12367,4.56542,0.411767,6.10086
908,1,1.12461,4.56988,0.412158,6.10665
909,1,1.12554,4.5747,0.41246,6.1127
910,1,1.12783,4.57822,0.412692,6.11874
911,1,1.12891,4.58286,0.413034,6.1248
912,1,1.13006,4.58717,0.413288,6.13051
913,1,1.13096,4.59171,0.413664,6.13634
914,1,1.13199,4.59654,0.413861,6.1424
915,1,1.13309,4.60113,0.414255,6.14848
916,1,1.13411,4.60612,0.414714,6.15495
917,1,1.13512,4.6109,0.415232,6.16125
918,1,1.13628,4.6159,0.415603,6.16779
919,1,1.13751,4.6205,0.416053,6.17406
920,1,1.1386,4.62533,0.416406,6.18033
921,1,1.13971,4.62988,0.416691,6.18628
922,1,1.14076,4.63453,0.417161,6.19245
923,1,1.14191,4.63997,0.417377,6.19926
924,1,1.14301,4.64459,0.417797,6.2054
925,1,1.14413,4.64917,0.41821,6.21152
926,1,1.14543,4.6535,0.418572,6.2175
927,1,1.14667,4.65791,0.418865,6.22345
928,1,1.14785,4.66296,0.419304,6.23011
929,1,1.14915,4.66724,0.419697,6.23609
930,1,1.1502,4.67195,0.41994,6.24209
931,1,1.15144,4.67607,0.420156,6.24766
932,1,1.15267,4.68066,0.42058,6.25391
933,1,1.15401,4.68535,0.420998,6.26036
934,1,1.15486,4.69059,0.421514,6.26696
935,1,1.15599,4.69542,0.421903,6.27331
936,1,1.15682,4.70038,0.422575,6.27977
937,1,1.15798,4.7048,0.422916,6.2857
938,1,1.15893,4.70931,0.423232,6.29147
939,1,1.16007,4.71362,0.42369,6.29738
940,1,1.16128,4.71799,0.424056,6.30333
941,1,1.16244,4.72253,0.424467,6.30944
942,1,1.16361,4.72701,0.424823,6.31544
943,1,1.16473,4.73161,0.425135,6.32148
944,1,1.166,4.7359,0.425477,6.32738
945,1,1.1672,4.74046,0.425931,6.3336
946,1,1.16838,4.74524,0.42634,6.33996
947,1,1.16959,4.74965,0.426844,6.34608
948,1,1.17083,4.75478,0.427204,6.35281
949,1,1.17191,4.75911,0.427565,6.35858
950,1,1.17321,4.76354,0.427896,6.36464
951,1,1.17436,4.76797,0.428153,6.37048
952,1,1.17554,4.77238,0.428569,6.37649
953,1,1.17663,4.77682,0.428902,6.38235
954,1,1.18375,4.78744,0.429651,6.40084
955,1,1.18444,4.79256,0.429993,6.407
956,1,1.18561,4.79712,0.430411,6.41314
957,1,1.18672,4.80159,0.43083,6.41914
958,1,1.18783,4.80618,0.431091,6.4251
959,1,1.18869,4.81141,0.431376,6.43147
960,1,1.18982,4.81616,0.431649,6.43762
961,1,1.19102,4.82076,0.432044,6.44382
962,1,1.19217,4.82533,0.432276,6.44978
963,1,1.19329,4.8298,0.432587,6.45568
964,1,1.19423,4.83483,0.432908,6.46197
965,1,1.19532,4.83987,0.433321,6.46852
966,1,1.19686,4.84488,0.433673,6.47542
967,1,1.19797,4.84969,0.43393,6.48159
968,1,1.19914,4.85424,0.434366,6.48775
969,1,1.20022,4.85906,0.434801,6.49408
970,1,1.20128,4.86341,0.435256,6.49995
971,1,1.20242,4.86771,0.435577,6.50571
972,1,1.20353,4.87287,0.436016,6.51241
973,1,1.20464,4.87787,0.436349,6.51887
974,1,1.20562,4.88274,0.436808,6.52516
975,1,1.20759,4.889,0.437307,6.5339
976,1,1.20916,4.89441,0.437852,6.54142
977,1,1.21046,4.90061,0.438458,6.54953
978,1,1.21185,4.90675,0.43907,6.55766
979,1,1.21329,4.91202,0.439568,6.56488
980,1,1.21475,4.91664,0.43993,6.57132
981,1,1.2157,4.92186,0.440298,6.57786
982,1,1.21703,4.92755,0.440642,6.58522
983,1,1.21828,4.9326,0.440897,6.59178
984,1,1.21948,4.93741,0.441138,6.59803
985,1,1.22061,4.94222,0.441457,6.60429
986,1,1.22191,4.94688,0.441779,6.61056
987,1,1.22322,4.95152,0.442092,6.61684
988,1,1.22431,4.95609,0.442401,6.62279
989,1,1.22574,4.96086,0.44267,6.62927
990,1,1.22717,4.96539,0.443405,6.63597
991,1,1.22831,4.96999,0.443834,6.64213
992,1,1.22942,4.97475,0.444109,6.64827
993,1,1.2304,4.97997,0.444421,6.6548
994,1,1.23155,4.98459,0.444746,6.66088
995,1,1.23266,4.9893,0.4451,6.66707
996,1,1.23413,4.99527,0.445437,6.67483
997,1,1.23563,5.00037,0.445743,6.68174
998,1,1.23694,5.00539,0.446284,6.68862
999,1,1.23832,5.00988,0.44667,6.69487
1000,1,1.23934,5.01464,0.447132,6.70111
1001,1,1.24057,5.01928,0.447323,6.70717
1002,1,1.25047,5.02683,0.450457,6.72775
1003,1,1.25715,5.03645,0.450739,6.74434
1004,1,1.2583,5.04139,0.451223,6.75091
1005,1,1.25937,5.0465,0.451527,6.75739
1006,1,1.26043,5.05145,0.451946,6.76383
1007,1,1.26153,5.05684,0.452249,6.77061
1008,1,1.26275,5.06197,0.452588,6.77731
1009,1,1.26402,5.06691,0.452963,6.78389
1010,1,1.26546,5.07195,0.453343,6.79076
1011,1,1.26669,5.07683,0.453708,6.79723
1012,1,1.26891,5.0843,0.454808,6.80802
1013,1,1.2705,5.08986,0.455358,6.81572
1014,1,1.27263,5.09635,0.456126,6.82511
1015,1,1.27457,5.10357,0.45666,6.83479
1016,1,1.27605,5.1093,0.456954,6.8423
1017,1,1.27734,5.11462,0.457289,6.84925
1018,1,1.27866,5.11938,0.457687,6.85572
1019,1,1.2798,5.12414,0.458032,6.86197
1020,1,1.28107,5.12917,0.45879,6.86903
1021,1,1.28221,5.13533,0.459125,6.87666
1022,1,1.28428,5.14025,0.459498,6.88403
1023,1,1.28563,5.14501,0.462307,6.89295
1024,1,1.28697,5.14992,0.462586,6.89947
1025,1,1.28837,5.15488,0.465592,6.90884
1026,1,1.2896,5.15958,0.466034,6.91522
1027,1,1.29075,5.16416,0.466411,6.92132
1028,1,1.29203,5.16864,0.466771,6.92745
1029,1,1.29317,5.1742,0.467366,6.93474
1030,1,1.29438,5.17925,0.467862,6.94149
1031,1,1.29538,5.18394,0.468143,6.94746
1032,1,1.2964,5.18827,0.468393,6.95306
1033,1,1.29752,5.19356,0.46868,6.95976
1034,1,1.29988,5.1997,0.469394,6.96897
1035,1,1.30112,5.20475,0.469742,6.97562
1036,1,1.3022,5.21013,0.470064,6.98239
1037,1,1.30312,5.21488,0.470427,6.98842
1038,1,1.3042,5.21966,0.470887,6.99475
1039,1,1.30551,5.22445,0.471263,7.00122
1040,1,1.30667,5.22942,0.471687,7.00777
1041,1,1.30857,5.23463,0.472858,7.01606
1042,1,1.31207,5.24732,0.473122,7.03251
1043,1,1.31315,5.25513,0.476229,7.04451
1044,1,1.31404,5.26023,0.476499,7.05077
1045,1,1.31526,5.26478,0.476977,7.05703
1046,1,1.31646,5.26996,0.477409,7.06383
1047,1,1.3179,5.27509,0.477834,7.07082
1048,1,1.31913,5.28045,0.478185,7.07777
1049,1,1.32027,5.28567,0.478866,7.08481
1050,1,1.32158,5.29074,0.479278,7.0916
1051,1,1.32281,5.29919,0.479851,7.10185
1052,1,1.32404,5.30608,0.480116,7.11024
1053,1,1.32585,5.31228,0.484282,7.12241
1054,1,1.32738,5.31834,0.484735,7.13046
1055,1,1.3288,5.32606,0.485696,7.14056
1056,1,1.33026,5.33167,0.485897,7.14783
1057,1,1.33154,5.33726,0.486361,7.15516
1058,1,1.33268,5.3421,0.486844,7.16162
1059,1,1.33388,5.34702,0.487172,7.16807
1060,1,1.3349,5.3523,0.487643,7.17485
1061,1,1.33606,5.35748,0.487937,7.18148
1062,1,1.33729,5.36251,0.488365,7.18816
1063,1,1.33838,5.36745,0.488565,7.1944
1064,1,1.3397,5.37233,0.489032,7.20106
1065,1,1.3408,5.3768,0.489334,7.20693
1066,1,1.34272,5.38321,0.489932,7.21587
1067,1,1.34395,5.389,0.490324,7.22327
1068,1,1.34511,5.39441,0.490552,7.23007
1069,1,1.34605,5.40036,0.490914,7.23733
1070,1,1.34717,5.40522,0.491273,7.24367
1071,1,1.34802,5.41006,0.491655,7.24973
1072,1,1.34925,5.41467,0.492109,7.25603
1073,1,1.35042,5.4192,0.492442,7.26206
1074,1,1.3516,5.42403,0.492736,7.26837
1075,1,1.3528,5.42888,0.49296,7.27465
1076,1,1.35418,5.43351,0.493287,7.28098
1077,1,1.35549,5.43831,0.49373,7.28752
1078,1,1.35655,5.44322,0.494388,7.29415
1079,1,1.35791,5.4476,0.494682,7.30019
1080,1,1.35889,5.45274,0.494991,7.30662
1081,1,1.36002,5.45777,0.495258,7.31304
1082,1,1.36092,5.4626,0.495503,7.31902
1083,1,1.36176,5.46738,0.495772,7.3249
1084,1,1.36294,5.47202,0.496115,7.33108
1085,1,1.36394,5.47746,0.496601,7.338
1086,1,1.36536,5.48195,0.497063,7.34437
1087,1,1.36669,5.4867,0.49782,7.35122
1088,1,1.368,5.49444,0.49852,7.36096
1089,1,1.37274,5.50428,0.503675,7.3807
1090,1,1.37363,5.51199,0.504063,7.38967
1091,1,1.37466,5.51708,0.505443,7.39718
1092,1,1.37614,5.52181,0.506016,7.40397
1093,1,1.37746,5.52712,0.506345,7.41092
1094,1,1.37875,5.53189,0.506797,7.41743
1095,1,1.38042,5.53656,0.507219,7.4242
1096,1,1.38149,5.54163,0.507635,7.43076
1097,1,1.38294,5.5471,0.507956,7.43799
1098,1,1.38439,5.55366,0.508436,7.44649
1099,1,1.38634,5.55962,0.509393,7.45535
1100,1,1.38814,5.56534,0.509817,7.4633
1101,1,1.39063,5.57016,0.51028,7.47108
1102,1,1.39199,5.5768,0.510925,7.47972
1103,1,1.393,5.58249,0.511275,7.48677
1104,1,1.39435,5.58794,0.511638,7.49394
1105,1,1.39578,5.59211,0.511922,7.49982
1106,1,1.3973,5.5967,0.512369,7.50638
1107,1,1.39854,5.60143,0.512685,7.51265
1108,1,1.39985,5.60614,0.51312,7.51911
1109,1,1.40109,5.61158,0.513439,7.52611
1110,1,1.40217,5.61707,0.513785,7.53302
1111,1,1.40321,5.62186,0.514114,7.53919
1112,1,1.40433,5.62644,0.514558,7.54533
1113,1,1.40544,5.63193,0.514794,7.55216
1114,1,1.40641,5.63687,0.515262,7.55854
1115,1,1.40743,5.64192,0.515473,7.56483
1116,1,1.40842,5.64679,0.515814,7.57102
1117,1,1.40985,5.65288,0.516176,7.57891
1118,1,1.41114,5.65856,0.516598,7.5863
1119,1,1.41258,5.66367,0.517049,7.59329
1120,1,1.41348,5.66939,0.518078,7.60094
1121,1,1.41511,5.6745,0.519026,7.60864
1122,1,1.42188,5.69425,0.519186,7.63532
1123,1,1.42251,5.70577,0.520088,7.64837
1124,1,1.4239,5.71066,0.520357,7.65492
1125,1,1.42438,5.71625,0.520659,7.66128
1126,1,1.42558,5.72139,0.520884,7.66785
1127,1,1.42688,5.72674,0.521145,7.67477
1128,1,1.42818,5.73195,0.521453,7.68158
1129,1,1.42944,5.73707,0.525612,7.69212
1130,1,1.43082,5.742,0.526058,7.69888
1131,1,1.43347,5.74811,0.527061,7.70864
1132,1,1.43578,5.75389,0.530092,7.71976
1133,1,1.43791,5.75864,0.530579,7.72714
1134,1,1.43971,5.7646,0.531066,7.73538
1135,1,1.44075,5.7707,0.531622,7.74308
1136,1,1.44177,5.77642,0.532011,7.7502
1137,1,1.44294,5.78115,0.532319,7.7564
1138,1,1.44431,5.78568,0.532719,7.76271
1139,1,1.4456,5.79041,0.533065,7.76908
1140,1,1.44711,5.79506,0.53356,7.77574
1141,1,1.44833,5.79958,0.533892,7.7818
1142,1,1.4495,5.80442,0.534379,7.78831
1143,1,1.45085,5.80881,0.534681,7.79434
1144,1,1.45201,5.81367,0.535035,7.80072
1145,1,1.45364,5.81921,0.535601,7.80845
1146,1,1.45817,5.82393,0.536057,7.81816
1147,1,1.4593,5.82904,0.536355,7.8247
1148,1,1.46039,5.83402,0.53676,7.83117
1149,1,1.46222,5.84077,0.537225,7.84022
1150,1,1.46336,5.84681,0.537679,7.84785
1151,1,1.46467,5.85258,0.537962,7.85522
1152,1,1.46599,5.85805,0.539385,7.86343
1153,1,1.47378,5.86951,0.540384,7.88367
1154,1,1.47542,5.87804,0.540666,7.89413
1155,1,1.4767,5.88298,0.541281,7.90096
1156,1,1.47799,5.88818,0.541665,7.90784
1157,1,1.47905,5.89365,0.541906,7.9146
1158,1,1.48018,5.89894,0.542307,7.92142
1159,1,1.48149,5.90429,0.542858,7.92864
1160,1,1.48337,5.91085,0.543389,7.93761
1161,1,1.48598,5.91809,0.544313,7.94838
1162,1,1.48776,5.92366,0.544974,7.95639
1163,1,1.48934,5.93,0.545643,7.96499
1164,1,1.491,5.93752,0.546018,7.97454
1165,1,1.49237,5.94307,0.546377,7.98182
1166,1,1.49361,5.94841,0.54716,7.98918
1167,1,1.49495,5.95293,0.547502,7.99538
1168,1,1.49593,5.95762,0.54787,8.00142
1169,1,1.49719,5.96288,0.548279,8.00835
1170,1,1.49835,5.96758,0.548636,8.01457
1171,1,1.49948,5.97244,0.54888,8.0208
1172,1,1.50069,5.97756,0.54923,8.02747
1173,1,1.50198,5.98206,0.549524,8.03356
1174,1,1.50316,5.9867,0.549836,8.0397
1175,1,1.50447,5.99159,0.550235,8.04629
1176,1,1.50549,5.99637,0.550691,8.05256
1177,1,1.50669,6.00111,0.551056,8.05885
1178,1,1.50966,6.00698,0.552314,8.06895
1179,1,1.51096,6.01214,0.55275,8.07585
1180,1,1.5126,6.01842,0.554702,8.08572
1181,1,1.51449,6.02608,0.555237,8.09581
1182,1,1.51638,6.03297,0.555947,8.1053
1183,1,1.51751,6.04003,0.556446,8.11398
1184,1,1.51901,6.04807,0.557078,8.12416
1185,1,1.52038,6.05473,0.557371,8.13249
1186,1,1.52246,6.06114,0.558164,8.14177
1187,1,1.52463,6.06901,0.558547,8.15218
1188,1,1.52676,6.07362,0.559155,8.15954
1189,1,1.52847,6.07892,0.559487,8.16688
1190,1,1.52962,6.08362,0.559799,8.17304
1191,1,1.53107,6.0883,0.560141,8.1795
1192,1,1.53212,6.09359,0.560428,8.18614
1193,1,1.53331,6.09832,0.560796,8.19242
1194,1,1.53438,6.10334,0.561101,8.19882
1195,1,1.53551,6.10824,0.561662,8.20541
1196,1,1.53674,6.11289,0.561923,8.21155
1197,1,1.53801,6.11732,0.56229,8.21762
1198,1,1.53903,6.12259,0.562699,8.22432
1199,1,1.54022,6.12706,0.563004,8.23029
1200,1,1.5414,6.13205,0.563339,8.23679
1201,1,1.54245,6.13692,0.563577,8.24294
1202,1,1.54365,6.14211,0.564044,8.2498
1203,1,1.54511,6.14744,0.564523,8.25707
1204,1,1.54633,6.1522,0.564902,8.26343
1205,1,1.54765,6.15789,0.565487,8.27102
1206,1,1.54901,6.16217,0.565819,8.277
1207,1,1.55021,6.16651,0.566365,8.28309
1208,1,1.55128,6.17111,0.566709,8.2891
1209,1,1.5523,6.17596,0.567111,8.29538
1210,1,1.55331,6.18117,0.568057,8.30253
1211,1,1.5541,6.18605,0.568587,8.30874
1212,1,1.55526,6.19056,0.568966,8.31479
1213,1,1.5565,6.195,0.569369,8.32087
1214,1,1.55758,6.19974,0.569707,8.32702
1215,1,1.5585,6.20464,0.569999,8.33314
1216,1,1.55969,6.20963,0.57044,8.33976
1217,1,1.56075,6.21442,0.570763,8.34593
1218,1,1.56179,6.21919,0.571184,8.35217
1219,1,1.56316,6.22358,0.571556,8.3583
1220,1,1.56462,6.22847,0.571982,8.36508
1221,1,1.56582,6.23314,0.572189,8.37114
1222,1,1.56687,6.23756,0.572475,8.3769
1223,1,1.56782,6.24266,0.573008,8.38348
1224,1,1.56888,6.24717,0.573352,8.3894
1225,1,1.56983,6.25188,0.57366,8.39537
1226,1,1.57081,6.25689,0.573936,8.40163
1227,1,1.57178,6.26138,0.57436,8.40753
1228,1,1.5732,6.26653,0.574871,8.4146
1229,1,1.57479,6.27235,0.575256,8.42239
1230,1,1.57699,6.27788,0.576017,8.43088
1231,1,1.57863,6.28395,0.576435,8.43901
1232,1,1.57991,6.29022,0.57701,8.44714
1233,1,1.58133,6.29749,0.577271,8.4561
1234,1,1.58262,6.30232,0.577585,8.46253
1235,1,1.58371,6.30778,0.578017,8.46951
1236,1,1.58498,6.31308,0.578303,8.47637
1237,1,1.58626,6.31781,0.578671,8.48273
1238,1,1.58759,6.32268,0.579005,8.48928
1239,1,1.58867,6.32856,0.579371,8.4966
1240,1,1.58989,6.33317,0.57973,8.50278
1241,1,1.59104,6.33766,0.580242,8.50895
1242,1,1.59233,6.3438,0.580815,8.51694
1243,1,1.5942,6.35033,0.581365,8.5259
1244,1,1.59538,6.3565,0.581755,8.53364
1245,1,1.59677,6.36256,0.582138,8.54147
1246,1,1.59812,6.36868,0.582502,8.5493
1247,1,1.6,6.37438,0.582952,8.55733
1248,1,1.6019,6.38094,0.583507,8.56635
1249,1,1.60463,6.3854,0.584126,8.57415
1250,1,1.60613,6.39079,0.584339,8.58126
1251,1,1.6074,6.39514,0.584786,8.58733
1252,1,1.6086,6.39992,0.584969,8.59349
1253,1,1.60963,6.40454,0.585303,8.59948
1254,1,1.61071,6.40922,0.585642,8.60558
1255,1,1.61191,6.41374,0.585878,8.61153
1256,1,1.61318,6.41818,0.586185,8.61755
1257,1,1.61407,6.42261,0.586598,8.62328
1258,1,1.61548,6.42683,0.587135,8.62944
1259,1,1.61656,6.43121,0.587512,8.63527
1260,1,1.61753,6.43589,0.587948,8.64138
1261,1,1.61859,6.44041,0.588324,8.64732
1262,1,1.61967,6.44535,0.589212,8.65423
1263,1,1.62091,6.45028,0.592659,8.66385
1264,1,1.62205,6.45487,0.592988,8.66991
1265,1,1.62318,6.45943,0.593349,8.67596
1266,1,1.6242,6.46396,0.593745,8.6819
1267,1,1.62528,6.46825,0.594054,8.68759
1268,1,1.62645,6.47292,0.594542,8.69392
1269,1,1.62752,6.47759,0.594849,8.69996
1270,1,1.62866,6.48286,0.595433,8.70695
1271,1,1.62996,6.4878,0.595881,8.71365
1272,1,1.63116,6.49309,0.596229,8.72048
1273,1,1.63252,6.49737,0.596489,8.72638
1274,1,1.6336,6.50189,0.596764,8.73226
1275,1,1.63463,6.50643,0.59721,8.73827
1276,1,1.63574,6.51135,0.597715,8.74481
1277,1,1.6369,6.51574,0.598048,8.75069
1278,1,1.63775,6.52042,0.598496,8.75667
1279,1,1.63873,6.52524,0.598714,8.76269
1280,1,1.63985,6.52952,0.599161,8.76853
1281,1,1.64097,6.53419,0.599549,8.77471
1282,1,1.64207,6.53917,0.599935,8.78118
1283,1,1.64323,6.5439,0.600231,8.78737
1284,1,1.64434,6.54864,0.600512,8.79349
1285,1,1.64536,6.55329,0.600875,8.79953
1286,1,1.64623,6.55807,0.601184,8.80548
1287,1,1.64687,6.56294,0.601572,8.81137
1288,1,1.648,6.56741,0.602026,8.81744
1289,1,1.64895,6.57218,0.602404,8.82353
1290,1,1.65043,6.57689,0.602746,8.83007
1291,1,1.65151,6.58217,0.603134,8.83681
1292,1,1.65274,6.5867,0.603469,8.8429
1293,1,1.65394,6.59137,0.603829,8.84914
1294,1,1.65526,6.59998,0.60433,8.85957
1295,1,1.65739,6.60603,0.604756,8.86818
1296,1,1.65903,6.61261,0.605275,8.87692
1297,1,1.66041,6.61783,0.605791,8.88402
1298,1,1.66196,6.62269,0.606167,8.89081
1299,1,1.66312,6.62754,0.606608,8.89727
1300,1,1.66447,6.63377,0.607528,8.90577
1301,1,1.66566,6.63904,0.607951,8.91265
1302,1,1.66697,6.64422,0.608314,8.91951
1303,1,1.66832,6.64887,0.608572,8.92575
1304,1,1.66948,6.65401,0.608943,8.93244
1305,1,1.67341,6.66069,0.610332,8.94443
1306,1,1.67675,6.66867,0.612043,8.95746
1307,1,1.67871,6.67448,0.61239,8.96558
1308,1,1.67962,6.67948,0.612815,8.97191
1309,1,1.68088,6.68445,0.613147,8.97849
1310,1,1.68199,6.69,0.613629,8.98562
1311,1,1.68345,6.69528,0.614286,8.99302
1312,1,1.68486,6.70082,0.614731,9.0004
1313,1,1.68614,6.70614,0.615169,9.00745
1314,1,1.68738,6.71094,0.615656,9.01398
1315,1,1.68966,6.7189,0.616516,9.02508
1316,1,1.69133,6.72478,0.617127,9.03324
1317,1,1.69265,6.73024,0.617503,9.04039
1318,1,1.69528,6.73644,0.617825,9.04955
1319,1,1.69649,6.74218,0.61821,9.05689
1320,1,1.69804,6.74739,0.618699,9.06413
1321,1,1.69936,6.75227,0.619108,9.07073
1322,1,1.7004,6.7579,0.61966,9.07796
1323,1,1.70188,6.76281,0.620534,9.08523
1324,1,1.70307,6.76801,0.621018,9.0921
1325,1,1.7041,6.77364,0.621451,9.09919
1326,1,1.70537,6.77856,0.62168,9.10562
1327,1,1.70656,6.78335,0.621841,9.11174
1328,1,1.70756,6.78872,0.622305,9.11859
1329,1,1.70883,6.79378,0.622616,9.12522
1330,1,1.70989,6.7984,0.623042,9.13134
1331,1,1.71054,6.80383,0.623446,9.13782
1332,1,1.71166,6.80845,0.62391,9.14402
1333,1,1.71299,6.81313,0.624426,9.15055
1334,1,1.7148,6.81963,0.624756,9.15919
1335,1,1.71614,6.82499,0.625092,9.16622
1336,1,1.71724,6.83019,0.625556,9.17299
1337,1,1.71837,6.83535,0.625923,9.17965
1338,1,1.71955,6.84108,0.627282,9.18791
1339,1,1.72515,6.8557,0.631933,9.21279
1340,1,1.727,6.86051,0.632178,9.21969
1341,1,1.72801,6.86567,0.632558,9.22624
1342,1,1.72921,6.8713,0.63276,9.23327
1343,1,1.73061,6.87633,0.633237,9.24018
1344,1,1.73185,6.88157,0.633825,9.24724
1345,1,1.73324,6.88675,0.634,9.25399
1346,1,1.73459,6.89175,0.634237,9.26058
1347,1,1.73571,6.89751,0.634799,9.26801
1348,1,1.73738,6.90656,0.635358,9.2793
1349,1,1.73871,6.9129,0.638022,9.28963
1350,1,1.74019,6.91872,0.63844,9.29735
1351,1,1.74187,6.92449,0.638861,9.30523
1352,1,1.74345,6.93222,0.63924,9.31492
1353,1,1.74487,6.93785,0.639492,9.32221
1354,1,1.74576,6.94396,0.640057,9.32978
1355,1,1.74671,6.94913,0.640593,9.33643
1356,1,1.7478,6.9537,0.640889,9.34239
1357,1,1.74875,6.9587,0.641193,9.34864
1358,1,1.75009,6.96342,0.641603,9.35512
1359,1,1.75107,6.96872,0.641993,9.36178
1360,1,1.75246,6.97306,0.642498,9.36802
1361,1,1.75356,6.97754,0.642964,9.37407
1362,1,1.75485,6.98256,0.643394,9.3808
1363,1,1.75651,6.98809,0.643974,9.38857
1364,1,1.758,6.99301,0.644461,9.39547
1365,1,1.75942,6.99839,0.644775,9.40259
1366,1,1.76062,7.00384,0.645151,9.40962
1367,1,1.76211,7.01042,0.645534,9.41807
1368,1,1.7659,7.02046,0.648497,9.43485
1369,1,1.76956,7.02554,0.649069,9.44417
1370,1,1.77035,7.03186,0.649899,9.45211
1371,1,1.77152,7.03693,0.650324,9.45877
1372,1,1.77253,7.04183,0.650613,9.46497
1373,1,1.7736,7.04676,0.650933,9.47129
1374,1,1.77521,7.05216,0.651395,9.47877
1375,1,1.77661,7.0575,0.651875,9.48599
1376,1,1.7781,7.06238,0.652255,9.49273
1377,1,1.7808,7.06976,0.65332,9.50388
1378,1,1.78228,7.07585,0.653906,9.51203
1379,1,1.78386,7.08163,0.654457,9.51995
1380,1,1.78572,7.08743,0.65495,9.5281
1381,1,1.78729,7.09342,0.655294,9.53601
1382,1,1.78855,7.09896,0.655671,9.54318
1383,1,1.78978,7.10347,0.656034,9.54929
1384,1,1.79094,7.10815,0.656325,9.55542
1385,1,1.79196,7.11314,0.656625,9.56173
1386,1,1.79272,7.11921,0.657092,9.56902
1387,1,1.79362,7.12404,0.657489,9.57515
1388,1,1.7947,7.12917,0.658011,9.58188
1389,1,1.7958,7.13391,0.658281,9.58799
1390,1,1.79681,7.13884,0.658652,9.5943
1391,1,1.79792,7.14354,0.659174,9.60064
1392,1,1.79901,7.14813,0.65955,9.60669
1393,1,1.80006,7.15276,0.660045,9.61286
1394,1,1.80152,7.15823,0.660497,9.62025
1395,1,1.80309,7.16373,0.660874,9.62769
1396,1,1.80403,7.16949,0.661209,9.63473
1397,1,1.80522,7.17465,0.661594,9.64147
1398,1,1.80663,7.18089,0.661854,9.64938
1399,1,1.80766,7.18685,0.66241,9.65692
1400,1,1.80983,7.1936,0.662897,9.66632
1401,1,1.81282,7.19917,0.66337,9.67536
1402,1,1.81427,7.20454,0.663744,9.68255
1403,1,1.81558,7.21016,0.664152,9.68989
1404,1,1.81721,7.21601,0.664461,9.69768
1405,1,1.81911,7.22205,0.664728,9.70589
1406,1,1.82078,7.22907,0.66527,9.71513
1407,1,1.82257,7.23727,0.665706,9.72554
1408,1,1.82416,7.24251,0.666064,9.73274
1409,1,1.82559,7.24758,0.666462,9.73963
1410,1,1.82671,7.2521,0.666721,9.74553
1411,1,1.82804,7.25664,0.667115,9.7518
1412,1,1.82933,7.26125,0.667512,9.7581
1413,1,1.83038,7.26563,0.667901,9.76391
1414,1,1.8316,7.27014,0.668376,9.77012
1415,1,1.83295,7.27459,0.66881,9.77634
1416,1,1.83401,7.27938,0.669172,9.78257
1417,1,1.83526,7.28412,0.669578,9.78896
1418,1,1.83641,7.28863,0.669927,9.79497
1419,1,1.83755,7.29321,0.670207,9.80097
1420,1,1.83862,7.29825,0.670626,9.80749
1421,1,1.83959,7.30307,0.67102,9.81368
1422,1,1.84077,7.30736,0.671329,9.81946
1423,1,1.84164,7.31231,0.671942,9.82589
1424,1,1.84271,7.31735,0.672524,9.83258
1425,1,1.84392,7.3221,0.672841,9.83886
1426,1,1.84504,7.32672,0.67322,9.84499
1427,1,1.84613,7.33154,0.67359,9.85126
1428,1,1.84736,7.33623,0.673853,9.85744
1429,1,1.84838,7.34077,0.674205,9.86335
1430,1,1.84956,7.34548,0.674502,9.86955
1431,1,1.85056,7.35012,0.674899,9.87559
1432,1,1.85165,7.35473,0.675193,9.88157
1433,1,1.85266,7.35997,0.675697,9.88833
1434,1,1.85409,7.36413,0.676052,9.89427
1435,1,1.85497,7.36906,0.676373,9.9004
1436,1,1.85611,7.37344,0.676656,9.90621
1437,1,1.85698,7.37844,0.677074,9.9125
1438,1,1.85819,7.38293,0.677605,9.91872
1439,1,1.85922,7.3873,0.678096,9.92461
1440,1,1.8604,7.39185,0.678481,9.93073
1441,1,1.86149,7.39657,0.680121,9.93817
1442,1,1.86272,7.40099,0.680462,9.94417
1443,1,1.86374,7.40593,0.680932,9.9506
1444,1,1.86495,7.41046,0.681279,9.95669
1445,1,1.8663,7.41473,0.681564,9.96259
1446,1,1.86742,7.41924,0.681903,9.96856
1447,1,1.86848,7.42567,0.682349,9.97649
1448,1,1.86978,7.43,0.682728,9.98251
1449,1,1.87058,7.43482,0.683023,9.98842
1450,1,1.87157,7.4396,0.683363,9.99453
1451,1,1.87258,7.44403,0.683621,10.0002
1452,1,1.87382,7.44846,0.685607,10.0079
1453,1,1.87489,7.45292,0.686191,10.014
1454,1,1.87609,7.45802,0.686608,10.0207
1455,1,1.87741,7.46249,0.686911,10.0268
1456,1,1.8785,7.46751,0.687344,10.0334
1457,1,1.87967,7.4722,0.687807,10.0397
1458,1,1.88074,7.47639,0.688117,10.0452
1459,1,1.88188,7.48077,0.688493,10.0511
1460,1,1.88297,7.48551,0.688815,10.0573
1461,1,1.88391,7.49059,0.689605,10.0641
1462,1,1.88508,7.49537,0.689922,10.0704
1463,1,1.88623,7.50125,0.690409,10.0779
1464,1,1.88709,7.50643,0.690708,10.0842
1465,1,1.88852,7.51103,0.691128,10.0907
1466,1,1.89024,7.51672,0.691389,10.0984
1467,1,1.89223,7.52208,0.691992,10.1063
1468,1,1.89369,7.528,0.695107,10.1168
1469,1,1.89465,7.53389,0.695406,10.1239
1470,1,1.89583,7.54017,0.69604,10.132
1471,1,1.89759,7.54459,0.696328,10.1385
1472,1,1.89905,7.54993,0.696779,10.1458
1473,1,1.90019,7.555,0.697223,10.1524
1474,1,1.90077,7.56074,0.697538,10.159
1475,1,1.90174,7.56588,0.697932,10.1656
1476,1,1.90283,7.57006,0.698218,10.1711
1477,1,1.9038,7.5747,0.698711,10.1772
1478,1,1.90494,7.57934,0.699011,10.1833
1479,1,1.90615,7.58403,0.701268,10.1914
1480,1,1.90722,7.58872,0.701628,10.1976
1481,1,1.90842,7.59329,0.70209,10.2038
1482,1,1.90919,7.59863,0.702379,10.2102
1483,1,1.91016,7.60357,0.702671,10.2164
1484,1,1.91167,7.60897,0.703205,10.2238
1485,1,1.91299,7.61405,0.703656,10.2307
1486,1,1.91448,7.61892,0.704035,10.2374
1487,1,1.91606,7.62318,0.704325,10.2436
1488,1,1.91737,7.62788,0.704637,10.2499
1489,1,1.91866,7.6326,0.704918,10.2562
1490,1,1.91967,7.6376,0.705296,10.2626
1491,1,1.92096,7.64244,0.705899,10.2693
1492,1,1.92221,7.64688,0.70653,10.2756
1493,1,1.92334,7.65133,0.706861,10.2815
1494,1,1.92453,7.65572,0.707199,10.2874
1495,1,1.92554,7.66025,0.70764,10.2934
1496,1,1.9266,7.66494,0.708006,10.2995
1497,1,1.9278,7.66948,0.708235,10.3055
1498,1,1.92859,7.67429,0.708645,10.3115
1499,1,1.92937,7.6794,0.708903,10.3177
1500,1,1.93053,7.68388,0.709256,10.3237
1501,1,1.93155,7.68938,0.709893,10.3308
1502,1,1.9327,7.69408,0.710315,10.3371
1503,1,1.93382,7.69907,0.710614,10.3435
1504,1,1.93473,7.70419,0.710936,10.3499
1505,1,1.9359,7.70911,0.711148,10.3562
1506,1,1.93715,7.71395,0.711569,10.3627
1507,1,1.93821,7.71996,0.712054,10.3702
1508,1,1.93947,7.72472,0.712618,10.3768
1509,1,1.94091,7.72925,0.712923,10.3831
1510,1,1.94211,7.73392,0.713272,10.3893
1511,1,1.94313,7.73858,0.713524,10.3952
1512,1,1.94428,7.74304,0.713946,10.4013
1513,1,1.94547,7.748,0.714243,10.4077
1514,1,1.94673,7.75274,0.715506,10.415
1515,1,1.94804,7.75721,0.715895,10.4211
1516,1,1.9493,7.76161,0.716261,10.4272
1517,1,1.95062,7.76619,0.716794,10.4336
1518,1,1.95214,7.77108,0.717158,10.4404
1519,1,1.95344,7.77678,0.717582,10.4478
1520,1,1.95569,7.78164,0.717932,10.4553
1521,1,1.95734,7.78703,0.718403,10.4628
1522,1,1.95863,7.79264,0.718879,10.4702
1523,1,1.96006,7.79758,0.719639,10.4773
1524,1,1.96176,7.80273,0.720181,10.4847
1525,1,1.96274,7.80833,0.720594,10.4917
1526,1,1.96386,7.81297,0.72104,10.4979
1527,1,1.96504,7.81782,0.721364,10.5042
1528,1,1.96616,7.82227,0.721793,10.5102
1529,1,1.96722,7.82703,0.722115,10.5164
1530,1,1.96837,7.83168,0.722487,10.5225
1531,1,1.96913,7.83733,0.722839,10.5293
1532,1,1.96998,7.84265,0.723178,10.5358
1533,1,1.97107,7.8476,0.72384,10.5425
1534,1,1.97184,7.85265,0.724152,10.5486
1535,1,1.97319,7.85788,0.724509,10.5556
1536,1,1.97423,7.8625,0.724825,10.5616
1537,1,1.97531,7.86705,0.725085,10.5674
1538,1,1.97618,7.87262,0.725493,10.5743
1539,1,1.97739,7.87701,0.725911,10.5803
1540,1,1.97835,7.88198,0.726228,10.5866
1541,1,1.97939,7.88676,0.726653,10.5928
1542,1,1.98052,7.89142,0.727144,10.5991
1543,1,1.98139,7.8971,0.727509,10.606
1544,1,1.98249,7.90188,0.72783,10.6122
1545,1,1.98364,7.90687,0.728097,10.6186
1546,1,1.98486,7.91185,0.72848,10.6252
1547,1,1.98597,7.91627,0.728821,10.6311
1548,1,1.98722,7.92083,0.729499,10.6375
1549,1,1.98861,7.92518,0.729869,10.6437
1550,1,1.98993,7.92988,0.730274,10.6501
1551,1,1.99111,7.9347,0.730568,10.6564
1552,1,1.99228,7.93935,0.730852,10.6625
1553,1,1.9933,7.94457,0.731114,10.669
1554,1,1.9946,7.94908,0.731383,10.6751
1555,1,1.99604,7.95372,0.7317,10.6815
1556,1,1.99707,7.9586,0.732126,10.6878
1557,1,1.99819,7.96343,0.73246,10.6941
1558,1,1.9992,7.96817,0.73286,10.7002
1559,1,2.00028,7.97266,0.733236,10.7062
1560,1,2.0013,7.97737,0.733703,10.7124
1561,1,2.00225,7.98283,0.734024,10.7191
1562,1,2.00356,7.98734,0.734304,10.7252
1563,1,2.00441,7.99235,0.734587,10.7313
1564,1,2.00545,7.99694,0.734949,10.7373
1565,1,2.00654,8.0021,0.735967,10.7446
1566,1,2.00786,8.00714,0.736238,10.7512
1567,1,2.00893,8.01188,0.736634,10.7574
1568,1,2.01036,8.0169,0.738199,10.7655
1569,1,2.01122,8.02243,0.738548,10.7722
1570,1,2.01242,8.02707,0.738873,10.7784
1571,1,2.01334,8.03213,0.739185,10.7847
1572,1,2.01436,8.03684,0.739688,10.7909
1573,1,2.01529,8.0424,0.740106,10.7978
1574,1,2.01635,8.04694,0.740592,10.8039
1575,1,2.01752,8.05161,0.741018,10.8101
1576,1,2.01862,8.05639,0.741388,10.8164
1577,1,2.01993,8.06064,0.741779,10.8224
1578,1,2.02115,8.0653,0.742222,10.8287
1579,1,2.02239,8.06981,0.742603,10.8348
1580,1,2.02473,8.0757,0.742952,10.8434
1581,1,2.02594,8.08101,0.743271,10.8502
1582,1,2.02725,8.08613,0.743549,10.8569
1583,1,2.02923,8.09376,0.744057,10.867
1584,1,2.03065,8.09897,0.744484,10.8741
1585,1,2.03211,8.10413,0.744806,10.881
1586,1,2.03328,8.11055,0.74575,10.8896
1587,1,2.03473,8.11588,0.745926,10.8965
1588,1,2.03612,8.12109,0.746255,10.9035
1589,1,2.03722,8.12675,0.7466,10.9106
1590,1,2.03853,8.13227,0.747002,10.9178
1591,1,2.03944,8.13785,0.747304,10.9246
1592,1,2.04059,8.14264,0.747608,10.9308
1593,1,2.04178,8.14719,0.748026,10.937
1594,1,2.04264,8.15243,0.748397,10.9435
1595,1,2.04404,8.1569,0.748802,10.9497
1596,1,2.04515,8.16146,0.749095,10.9557
1597,1,2.04638,8.16587,0.749507,10.9618
1598,1,2.0482,8.17335,0.749792,10.9714
1599,1,2.04933,8.17897,0.750303,10.9786
1600,1,2.05031,8.18526,0.750698,10.9863
1601,1,2.05138,8.19042,0.751061,10.9929
1602,1,2.05229,8.19535,0.751443,10.9991
1603,1,2.05326,8.2005,0.75175,11.0055
1604,1,2.0542,8.20526,0.752121,11.0116
1605,1,2.0551,8.21008,0.752424,11.0176
1606,1,2.05636,8.21499,0.752816,11.0242
1607,1,2.05771,8.21986,0.753256,11.0308
1608,1,2.05884,8.22533,0.753568,11.0377
1609,1,2.06023,8.23025,0.753995,11.0445
1610,1,2.06175,8.23465,0.754496,11.0509
1611,1,2.06285,8.23939,0.754801,11.057
1612,1,2.06395,8.24396,0.755178,11.0631
1613,1,2.06505,8.24877,0.755505,11.0693
1614,1,2.06629,8.25365,0.755966,11.0759
1615,1,2.0677,8.26043,0.757501,11.0856
1616,1,2.06932,8.27175,0.757915,11.099
1617,1,2.07039,8.27786,0.758445,11.1067
1618,1,2.07372,8.28404,0.758817,11.1166
1619,1,2.07502,8.2899,0.759155,11.1241
1620,1,2.07612,8.29501,0.759546,11.1307
1621,1,2.07755,8.2994,0.759962,11.1369
1622,1,2.07847,8.30467,0.760385,11.1435
1623,1,2.07917,8.31042,0.760705,11.1503
1624,1,2.08025,8.31528,0.761108,11.1566
1625,1,2.08199,8.32002,0.761479,11.1635
1626,1,2.08321,8.32485,0.761896,11.17
1627,1,2.08459,8.32948,0.762368,11.1764
1628,1,2.08919,8.33416,0.762946,11.1863
1629,1,2.09053,8.33892,0.763507,11.193
1630,1,2.09187,8.34345,0.763992,11.1993
1631,1,2.0929,8.34852,0.764252,11.2057
1632,1,2.09353,8.3546,0.764587,11.2127
1633,1,2.09536,8.36141,0.765231,11.222
1634,1,2.09704,8.36608,0.765568,11.2287
1635,1,2.09857,8.37178,0.765981,11.2363
1636,1,2.10009,8.3771,0.766529,11.2437
1637,1,2.10139,8.38205,0.766882,11.2503
1638,1,2.10283,8.38657,0.76726,11.2567
1639,1,2.10427,8.39147,0.76772,11.2635
1640,1,2.10556,8.39629,0.768014,11.2699
1641,1,2.10677,8.4018,0.768514,11.2771
1642,1,2.10804,8.40647,0.769002,11.2835
1643,1,2.10967,8.41154,0.769557,11.2908
1644,1,2.11116,8.41936,0.773167,11.3037
1645,1,2.11314,8.42655,0.773607,11.3133
1646,1,2.11516,8.43743,0.774238,11.3268
1647,1,2.11702,8.4407,0.775265,11.333
1648,1,2.11997,8.44828,0.775665,11.3439
1649,1,2.12146,8.45392,0.7763,11.3517
1650,1,2.12574,8.462,0.777475,11.3652
1651,1,2.12888,8.46932,0.777919,11.3761
1652,1,2.13082,8.47504,0.778387,11.3843
1653,1,2.13224,8.48095,0.778857,11.392
1654,1,2.13367,8.48753,0.779282,11.4005
1655,1,2.13438,8.49304,0.779621,11.407
1656,1,2.13541,8.49799,0.779901,11.4133
1657,1,2.13655,8.50298,0.780271,11.4198
1658,1,2.13726,8.50868,0.780427,11.4264
1659,1,2.13801,8.51423,0.780674,11.4329
1660,1,2.13863,8.52057,0.78103,11.4402
1661,1,2.13988,8.5265,0.781266,11.4476
1662,1,2.14115,8.5317,0.781678,11.4545
1663,1,2.14231,8.53665,0.781951,11.4609
1664,1,2.14307,8.54208,0.782292,11.4674
1665,1,2.14402,8.54723,0.782631,11.4739
1666,1,2.14512,8.55191,0.782995,11.48
1667,1,2.14613,8.55693,0.783376,11.4864
1668,1,2.14724,8.56199,0.783806,11.493
1669,1,2.1483,8.56746,0.784511,11.5003
1670,1,2.14949,8.572,0.784883,11.5064
1671,1,2.1506,8.57683,0.785126,11.5126
1672,1,2.15134,8.58276,0.785479,11.5196
1673,1,2.15215,8.5888,0.785873,11.5268
1674,1,2.15356,8.59351,0.786366,11.5334
1675,1,2.15554,8.59988,0.786671,11.5421
1676,1,2.1573,8.60479,0.787018,11.5491
1677,1,2.16177,8.60965,0.787309,11.5587
1678,1,2.16271,8.61511,0.787942,11.5658
1679,1,2.16339,8.62076,0.788293,11.5724
1680,1,2.16496,8.62659,0.788727,11.5803
1681,1,2.16609,8.63142,0.789365,11.5869
1682,1,2.16724,8.63757,0.790134,11.5949
1683,1,2.16868,8.64342,0.790602,11.6027
1684,1,2.17075,8.64911,0.791663,11.6115
1685,1,2.17262,8.65477,0.79243,11.6198
1686,1,2.17432,8.66119,0.793031,11.6285
1687,1,2.17607,8.66819,0.793462,11.6377
1688,1,2.17754,8.67319,0.793907,11.6446
1689,1,2.17931,8.67827,0.794349,11.6519
1690,1,2.18037,8.68299,0.794654,11.658
1691,1,2.18186,8.68754,0.795072,11.6645
1692,1,2.18306,8.69279,0.795335,11.6712
1693,1,2.18369,8.69851,0.795741,11.6779
1694,1,2.18493,8.70304,0.796227,11.6842
1695,1,2.18575,8.70851,0.796436,11.6907
1696,1,2.18688,8.71321,0.796681,11.6968
1697,1,2.18816,8.71771,0.796967,11.7028
1698,1,2.18936,8.72225,0.797254,11.7089
1699,1,2.1904,8.7271,0.79755,11.715
1700,1,2.19173,8.73255,0.798234,11.7225
1701,1,2.19302,8.73798,0.798628,11.7296
1702,1,2.19407,8.74255,0.799059,11.7357
1703,1,2.19527,8.74717,0.799436,11.7419
1704,1,2.19611,8.75284,0.800007,11.749
1705,1,2.19739,8.7573,0.800362,11.755
1706,1,2.1982,8.7623,0.800851,11.7614
1707,1,2.19929,8.76654,0.801271,11.7671
1708,1,2.20029,8.77145,0.801587,11.7733
1709,1,2.20142,8.77611,0.802054,11.7796
1710,1,2.20257,8.78084,0.802399,11.7858
1711,1,2.2037,8.78565,0.802718,11.7921
1712,1,2.20468,8.79052,0.803106,11.7983
1713,1,2.20556,8.79558,0.80345,11.8046
1714,1,2.20671,8.80003,0.803669,11.8104
1715,1,2.20788,8.80519,0.803928,11.817
1716,1,2.20929,8.80951,0.804575,11.8234
1717,1,2.21063,8.81384,0.804983,11.8295
1718,1,2.21165,8.81822,0.805368,11.8352
1719,1,2.21241,8.82343,0.805749,11.8416
1720,1,2.21341,8.82829,0.806137,11.8478
1721,1,2.2143,8.83303,0.806546,11.8539
1722,1,2.21553,8.83741,0.806922,11.8599
1723,1,2.21679,8.84233,0.80733,11.8665
1724,1,2.21768,8.84783,0.807573,11.8731
1725,1,2.2226,8.85153,0.807863,11.882
1726,1,2.22382,8.85674,0.808371,11.8889
1727,1,2.22485,8.86171,0.808672,11.8952
1728,1,2.22613,8.86688,0.808985,11.902
1729,1,2.22693,8.87258,0.809259,11.9088
1730,1,2.2282,8.87725,0.809747,11.9152
1731,1,2.2296,8.88213,0.810017,11.9217
1732,1,2.23087,8.88686,0.810432,11.9282
1733,1,2.23224,8.8914,0.810799,11.9344
1734,1,2.23338,8.89669,0.811239,11.9413
1735,1,2.23459,8.90151,0.811476,11.9476
1736,1,2.23584,8.90614,0.811741,11.9537
1737,1,2.23702,8.9112,0.811965,11.9602
1738,1,2.23812,8.91591,0.812299,11.9663
1739,1,2.23881,8.92136,0.812579,11.9728
1740,1,2.23999,8.9258,0.813107,11.9789
1741,1,2.24117,8.93056,0.813524,11.9853
1742,1,2.24256,8.93518,0.813817,11.9916
1743,1,2.24376,8.93949,0.814199,11.9975
1744,1,2.24475,8.94429,0.814905,12.0039
1745,1,2.24601,8.94906,0.815322,12.0104
1746,1,2.24717,8.95408,0.815657,12.0169
1747,1,2.24836,8.95891,0.816068,12.0233
1748,1,2.24968,8.96383,0.816402,12.0299
1749,1,2.25065,8.96883,0.816603,12.0361
1750,1,2.25181,8.97339,0.817087,12.0423
1751,1,2.25302,8.97793,0.817441,12.0484
1752,1,2.25421,8.98257,0.81777,12.0545
1753,1,2.25546,8.98733,0.818191,12.061
1754,1,2.25636,8.993,0.818456,12.0678
1755,1,2.25778,8.9977,0.819137,12.0746
1756,1,2.25905,9.00236,0.819451,12.0809
1757,1,2.26002,9.00727,0.819982,12.0873
1758,1,2.26083,9.01246,0.820648,12.0939
1759,1,2.26189,9.01721,0.820983,12.1001
1760,1,2.26278,9.02262,0.82152,12.1069
1761,1,2.26396,9.02755,0.821919,12.1134
1762,1,2.26592,9.03113,0.822206,12.1193
1763,1,2.26703,9.03642,0.822554,12.126
1764,1,2.26842,9.04058,0.822879,12.1319
1765,1,2.2696,9.0452,0.823234,12.138
1766,1,2.27066,9.05011,0.823613,12.1444
1767,1,2.27148,9.05586,0.823917,12.1513
1768,1,2.2725,9.06066,0.824304,12.1575
1769,1,2.27364,9.0652,0.82491,12.1638
1770,1,2.27476,9.0695,0.825116,12.1694
1771,1,2.27589,9.07396,0.825391,12.1752
1772,1,2.27685,9.08036,0.825835,12.183
1773,1,2.27748,9.08678,0.826264,12.1905
1774,1,2.27815,9.09202,0.826648,12.1968
1775,1,2.2794,9.09704,0.827063,12.2035
1776,1,2.28045,9.10193,0.827382,12.2098
1777,1,2.28152,9.10651,0.827654,12.2157
1778,1,2.2822,9.11243,0.828036,12.2227
1779,1,2.28348,9.1175,0.828271,12.2293
