iter,rank,ant_move_s,phen_sync_s,evaporation_s,total_s
1,0,0.00180886,0.0147303,0.00145169,0.0179909
2,0,0.00433756,0.0246018,0.00189602,0.0308354
3,0,0.00803823,0.0297027,0.00233101,0.0400719
4,0,0.00897173,0.0359084,0.0036826,0.0485628
5,0,0.0104787,0.0423257,0.00404804,0.0568525
6,0,0.0117075,0.0481334,0.00434832,0.0641892
7,0,0.013147,0.0533801,0.00529181,0.071819
8,0,0.0150837,0.059175,0.00583702,0.0800957
9,0,0.0166645,0.0640831,0.00660597,0.0873536
10,0,0.0181994,0.0732541,0.0084798,0.0999333
11,0,0.0245224,0.0797382,0.00907713,0.113338
12,0,0.0264802,0.0860687,0.00948223,0.122031
13,0,0.0276849,0.0907919,0.00982044,0.128297
14,0,0.0292909,0.0964005,0.0102421,0.135933
15,0,0.0305743,0.101352,0.0109409,0.142867
16,0,0.0318807,0.106905,0.0113536,0.150139
17,0,0.0330854,0.111949,0.0117727,0.156808
18,0,0.034208,0.116759,0.0121368,0.163104
19,0,0.0353491,0.12255,0.0133527,0.171251
20,0,0.0367569,0.127281,0.0137582,0.177796
21,0,0.0379345,0.132403,0.0142168,0.184554
22,0,0.0391861,0.137029,0.01462,0.190835
23,0,0.0401867,0.142029,0.0150992,0.197315
24,0,0.0413827,0.14681,0.0154882,0.203681
25,0,0.042475,0.151859,0.0158497,0.210184
26,0,0.0437377,0.159652,0.0162306,0.219621
27,0,0.044907,0.165021,0.0165632,0.226491
28,0,0.0460623,0.169991,0.0170465,0.2331
29,0,0.0474155,0.175345,0.0176775,0.240438
30,0,0.0487852,0.180124,0.0181406,0.247049
31,0,0.0499743,0.185201,0.0184881,0.253664
32,0,0.0511881,0.189862,0.0189232,0.259973
33,0,0.0524035,0.195016,0.0193338,0.266754
34,0,0.0536451,0.20024,0.0197367,0.273622
35,0,0.055058,0.205935,0.0202017,0.281194
36,0,0.0561982,0.211336,0.0204962,0.28803
37,0,0.0578456,0.215419,0.0210307,0.294295
38,0,0.0592089,0.220561,0.0227572,0.302527
39,0,0.0604525,0.225094,0.0232491,0.308795
40,0,0.0617152,0.229766,0.0237519,0.315233
41,0,0.06298,0.234756,0.0241756,0.321912
42,0,0.0641947,0.23956,0.0246463,0.328401
43,0,0.065539,0.243927,0.0250226,0.334488
44,0,0.0667366,0.248817,0.0253181,0.340872
45,0,0.0680898,0.253167,0.0257277,0.346984
46,0,0.0693863,0.257956,0.0261281,0.353471
47,0,0.0707916,0.26247,0.0264734,0.359735
48,0,0.0720973,0.266815,0.0267957,0.365708
49,0,0.073202,0.271243,0.0272251,0.37167
50,0,0.0742495,0.275658,0.0276239,0.377532
51,0,0.0755409,0.28052,0.0280166,0.384078
52,0,0.0767659,0.285183,0.0284697,0.390419
53,0,0.0780231,0.289684,0.0288004,0.396508
54,0,0.0792074,0.294302,0.0291418,0.402651
55,0,0.0802335,0.298929,0.0294538,0.408617
56,0,0.0813332,0.303856,0.0297431,0.414932
57,0,0.0827669,0.308604,0.0302136,0.421584
58,0,0.0839425,0.313208,0.0305594,0.42771
59,0,0.0852469,0.317911,0.0309812,0.434139
60,0,0.0864916,0.323897,0.0315536,0.441942
61,0,0.0874707,0.32869,0.031895,0.448055
62,0,0.0886991,0.33309,0.0322827,0.454072
63,0,0.0903511,0.337586,0.0329697,0.460907
64,0,0.0916752,0.342267,0.033184,0.467126
65,0,0.0928448,0.346972,0.0337957,0.473612
66,0,0.0938876,0.352233,0.0341168,0.480237
67,0,0.0949069,0.356891,0.0344226,0.48622
68,0,0.095964,0.362593,0.0348026,0.493359
69,0,0.0972268,0.367126,0.0352033,0.499556
70,0,0.0985008,0.371871,0.0355354,0.505907
71,0,0.0998323,0.376931,0.0358206,0.512584
72,0,0.101012,0.381548,0.0362241,0.518784
73,0,0.102188,0.386174,0.0364993,0.524861
74,0,0.103032,0.391025,0.0367821,0.530838
75,0,0.104074,0.395375,0.0373592,0.536808
76,0,0.105318,0.399952,0.0376972,0.542967
77,0,0.106497,0.404765,0.0380832,0.549345
78,0,0.107919,0.409753,0.0385086,0.55618
79,0,0.109117,0.41415,0.0388254,0.562093
80,0,0.110324,0.418348,0.0391731,0.567845
81,0,0.111606,0.422851,0.0395466,0.574004
82,0,0.112583,0.427571,0.0399195,0.580074
83,0,0.113654,0.43206,0.0403696,0.586084
84,0,0.114918,0.436458,0.0406301,0.592006
85,0,0.116105,0.441029,0.0410245,0.598159
86,0,0.11731,0.44537,0.0413652,0.604046
87,0,0.118387,0.450082,0.0417304,0.6102
88,0,0.119435,0.454776,0.0421223,0.616333
89,0,0.120708,0.459357,0.0426345,0.622699
90,0,0.121905,0.463891,0.0429423,0.628738
91,0,0.123139,0.468829,0.04347,0.635438
92,0,0.124165,0.473844,0.0438088,0.641817
93,0,0.125248,0.478387,0.0441067,0.647742
94,0,0.126568,0.483292,0.0445407,0.654401
95,0,0.12775,0.487813,0.0449451,0.660508
96,0,0.128864,0.492408,0.0451886,0.666461
97,0,0.129781,0.49715,0.0455778,0.672509
98,0,0.130876,0.502114,0.0459725,0.678962
99,0,0.131983,0.506808,0.0463525,0.685143
100,0,0.133202,0.511394,0.0467486,0.691346
101,0,0.134253,0.516418,0.0470866,0.697758
102,0,0.135433,0.520949,0.047515,0.703896
103,0,0.136513,0.525883,0.0477925,0.710189
104,0,0.137738,0.530623,0.0483306,0.716692
105,0,0.138793,0.534944,0.0486304,0.722367
106,0,0.139988,0.539638,0.0489937,0.72862
107,0,0.141194,0.544285,0.049477,0.734955
108,0,0.14262,0.5487,0.0499407,0.741261
109,0,0.143799,0.553195,0.0504748,0.747468
110,0,0.144995,0.557803,0.0508958,0.753693
111,0,0.146163,0.562495,0.0512291,0.759886
112,0,0.147435,0.567089,0.0516615,0.766185
113,0,0.148642,0.571741,0.0520162,0.7724
114,0,0.149883,0.576228,0.0523156,0.778426
115,0,0.151206,0.58063,0.0527455,0.784582
116,0,0.152265,0.584997,0.0530171,0.790279
117,0,0.153198,0.590032,0.0533687,0.7966
118,0,0.154328,0.594761,0.0536182,0.802706
119,0,0.155377,0.599398,0.0540561,0.808831
120,0,0.156658,0.604957,0.0545244,0.816139
121,0,0.157962,0.609454,0.0549328,0.822349
122,0,0.159263,0.613878,0.0554487,0.82859
123,0,0.160521,0.618557,0.0558412,0.834919
124,0,0.162119,0.62317,0.0563089,0.841598
125,0,0.163237,0.627826,0.0566419,0.847705
126,0,0.164398,0.632332,0.056975,0.853704
127,0,0.165727,0.636926,0.0572331,0.859886
128,0,0.16695,0.64183,0.0575336,0.866314
129,0,0.168045,0.646518,0.0578437,0.872407
130,0,0.169437,0.650899,0.0584897,0.878826
131,0,0.170756,0.655683,0.0588954,0.885335
132,0,0.17174,0.660591,0.0593912,0.891722
133,0,0.172716,0.665476,0.0597658,0.897958
134,0,0.173809,0.670632,0.0603065,0.904747
135,0,0.176329,0.675616,0.0606809,0.912626
136,0,0.17739,0.681143,0.0609705,0.919504
137,0,0.178491,0.685892,0.0614786,0.925861
138,0,0.179846,0.690415,0.0617844,0.932045
139,0,0.180917,0.695626,0.0623143,0.938857
140,0,0.182247,0.700097,0.0628709,0.945215
141,0,0.183099,0.704758,0.0633733,0.95123
142,0,0.184318,0.709158,0.0636764,0.957153
143,0,0.185395,0.714216,0.0640138,0.963625
144,0,0.186603,0.718976,0.0642804,0.96986
145,0,0.18776,0.723744,0.0646778,0.976182
146,0,0.189127,0.728275,0.0651741,0.982577
147,0,0.190212,0.732953,0.0656256,0.988791
148,0,0.191511,0.73766,0.065941,0.995112
149,0,0.192879,0.742347,0.0663483,1.00157
150,0,0.194086,0.747044,0.0666617,1.00779
151,0,0.19515,0.751603,0.066977,1.01373
152,0,0.196485,0.75576,0.067344,1.01959
153,0,0.197659,0.760233,0.0678535,1.02575
154,0,0.198825,0.764837,0.0682086,1.03187
155,0,0.200086,0.769497,0.0686251,1.03821
156,0,0.201103,0.773976,0.0691598,1.04424
157,0,0.20225,0.778654,0.0696142,1.05052
158,0,0.203466,0.784314,0.070062,1.05784
159,0,0.20467,0.789561,0.0704915,1.06472
160,0,0.205715,0.794087,0.0708511,1.07065
161,0,0.206842,0.798653,0.0712179,1.07671
162,0,0.20799,0.803284,0.0715231,1.0828
163,0,0.209032,0.807673,0.0718997,1.0886
164,0,0.210345,0.812203,0.0721796,1.09473
165,0,0.211571,0.816699,0.0728174,1.10109
166,0,0.212757,0.821679,0.0731672,1.1076
167,0,0.213712,0.826592,0.0735031,1.11381
168,0,0.21494,0.830938,0.0738974,1.11977
169,0,0.215981,0.835604,0.0750285,1.12661
170,0,0.217308,0.840199,0.075344,1.13285
171,0,0.218505,0.844676,0.0757474,1.13893
172,0,0.219787,0.84909,0.0762345,1.14511
173,0,0.220828,0.853702,0.0766602,1.15119
174,0,0.221969,0.858165,0.0769763,1.15711
175,0,0.223089,0.863103,0.0772533,1.16345
176,0,0.224209,0.86779,0.077768,1.16977
177,0,0.225489,0.87257,0.0779785,1.17604
178,0,0.226628,0.877054,0.0784278,1.18211
179,0,0.22772,0.881436,0.0788265,1.18798
180,0,0.22897,0.886397,0.0791689,1.19454
181,0,0.23024,0.892128,0.0796256,1.20199
182,0,0.2313,0.896718,0.0800574,1.20808
183,0,0.232478,0.901066,0.0804459,1.21399
184,0,0.233534,0.906152,0.0810706,1.22076
185,0,0.234678,0.913224,0.0815031,1.2294
186,0,0.236152,0.91748,0.0820556,1.23569
187,0,0.237452,0.922083,0.0824874,1.24202
188,0,0.238493,0.926809,0.0828609,1.24816
189,0,0.239603,0.931369,0.0832278,1.2542
190,0,0.240721,0.936081,0.0836124,1.26041
191,0,0.241758,0.94057,0.0840868,1.26641
192,0,0.242858,0.945276,0.0843336,1.27247
193,0,0.243951,0.949686,0.0847172,1.27835
194,0,0.245084,0.954238,0.0850607,1.28438
195,0,0.246281,0.959064,0.0854621,1.29081
196,0,0.24716,0.963885,0.0857866,1.29683
197,0,0.248203,0.968535,0.0861535,1.30289
198,0,0.249182,0.97339,0.0863932,1.30896
199,0,0.250029,0.978334,0.0867465,1.31511
200,0,0.251077,0.983198,0.0870993,1.32137
201,0,0.252394,0.987517,0.0876419,1.32755
202,0,0.253594,0.992199,0.0880774,1.33387
203,0,0.254624,0.997008,0.0884098,1.34004
204,0,0.255702,1.00178,0.0888743,1.34636
205,0,0.256856,1.00627,0.0892708,1.3524
206,0,0.258061,1.01091,0.0895758,1.35855
207,0,0.25923,1.01586,0.0899372,1.36502
208,0,0.260345,1.02078,0.0902308,1.37136
209,0,0.261576,1.02537,0.0906655,1.37761
210,0,0.262814,1.02994,0.0911925,1.38395
211,0,0.264117,1.03525,0.0916111,1.39098
212,0,0.265301,1.03989,0.0921932,1.39738
213,0,0.266733,1.04472,0.0926891,1.40414
214,0,0.267734,1.04964,0.0931502,1.41053
215,0,0.268852,1.05423,0.0935083,1.41659
216,0,0.27012,1.05873,0.0938475,1.4227
217,0,0.271183,1.06318,0.0944189,1.42878
218,0,0.271952,1.06811,0.0946829,1.43474
219,0,0.273142,1.07304,0.0952023,1.44138
220,0,0.274453,1.07756,0.0956094,1.44762
221,0,0.275628,1.08218,0.0960026,1.45381
222,0,0.276817,1.08692,0.0963872,1.46012
223,0,0.277959,1.09181,0.0966571,1.46642
224,0,0.279145,1.09697,0.0971239,1.47324
225,0,0.280401,1.10187,0.0975249,1.47979
226,0,0.281546,1.10658,0.0978646,1.48599
227,0,0.282776,1.11086,0.0982284,1.49186
228,0,0.283987,1.11552,0.0986994,1.4982
229,0,0.285171,1.12014,0.099197,1.50451
230,0,0.286162,1.1253,0.0996483,1.51111
231,0,0.287231,1.1297,0.100108,1.51704
232,0,0.288408,1.13426,0.100722,1.52339
233,0,0.289468,1.13883,0.101056,1.52935
234,0,0.290514,1.1432,0.101326,1.53504
235,0,0.291632,1.14771,0.101724,1.54107
236,0,0.292767,1.15238,0.101972,1.54711
237,0,0.293901,1.15706,0.102239,1.5532
238,0,0.295201,1.16162,0.102771,1.55959
239,0,0.296414,1.16628,0.103319,1.56601
240,0,0.297563,1.17083,0.103582,1.57198
241,0,0.298496,1.17565,0.104078,1.57822
242,0,0.299777,1.1815,0.104575,1.58585
243,0,0.301437,1.18765,0.105516,1.5946
244,0,0.302831,1.19206,0.105916,1.60081
245,0,0.30413,1.1964,0.106391,1.60692
246,0,0.30561,1.20091,0.106955,1.61348
247,0,0.306884,1.20565,0.107341,1.61988
248,0,0.30807,1.21072,0.107735,1.62653
249,0,0.309264,1.21584,0.107983,1.63309
250,0,0.31033,1.22071,0.108242,1.63929
251,0,0.311576,1.22634,0.111586,1.6495
252,0,0.312668,1.23103,0.112008,1.6557
253,0,0.313833,1.23566,0.112393,1.66189
254,0,0.314803,1.24098,0.112824,1.66861
255,0,0.315884,1.2456,0.113311,1.67479
256,0,0.316969,1.25014,0.113693,1.68081
257,0,0.317932,1.25498,0.114011,1.68692
258,0,0.318928,1.2602,0.114514,1.69365
259,0,0.320043,1.26524,0.114829,1.70011
260,0,0.321123,1.26983,0.115211,1.70616
261,0,0.322072,1.27492,0.115513,1.71251
262,0,0.323169,1.27968,0.115785,1.71864
263,0,0.324304,1.2842,0.116085,1.72459
264,0,0.325465,1.2892,0.117142,1.73181
265,0,0.326588,1.29454,0.11758,1.73871
266,0,0.327686,1.29913,0.117843,1.74466
267,0,0.328965,1.30349,0.118391,1.75085
268,0,0.330091,1.30823,0.118719,1.75704
269,0,0.331357,1.31228,0.119098,1.76274
270,0,0.332505,1.3169,0.119286,1.76869
271,0,0.333577,1.3215,0.119577,1.77465
272,0,0.334632,1.32674,0.119811,1.78118
273,0,0.335935,1.33227,0.120174,1.78838
274,0,0.337158,1.33823,0.120571,1.79596
275,0,0.338533,1.34285,0.120974,1.80236
276,0,0.339744,1.34729,0.121422,1.80845
277,0,0.340849,1.35186,0.121752,1.81446
278,0,0.341967,1.3567,0.121982,1.82065
279,0,0.3431,1.36165,0.122332,1.82708
280,0,0.344114,1.36628,0.12273,1.83312
281,0,0.34521,1.37071,0.123135,1.83905
282,0,0.346392,1.37513,0.123519,1.84504
283,0,0.347509,1.37965,0.123863,1.85102
284,0,0.34858,1.38418,0.124113,1.85687
285,0,0.349693,1.38852,0.124562,1.86278
286,0,0.350632,1.39356,0.12503,1.86922
287,0,0.351645,1.39824,0.125441,1.87533
288,0,0.352804,1.40265,0.125777,1.88123
289,0,0.35399,1.40768,0.126081,1.88775
290,0,0.354997,1.41251,0.126589,1.8941
291,0,0.355964,1.41719,0.127013,1.90017
292,0,0.356891,1.42226,0.127359,1.90651
293,0,0.35782,1.42718,0.127567,1.91257
294,0,0.358699,1.43252,0.12784,1.91906
295,0,0.359589,1.43744,0.128255,1.92528
296,0,0.360839,1.44216,0.128567,1.93157
297,0,0.361843,1.44716,0.128939,1.93794
298,0,0.363059,1.4516,0.129285,1.94394
299,0,0.364526,1.45595,0.129624,1.95009
300,0,0.365782,1.46058,0.130124,1.95649
301,0,0.36726,1.46489,0.130369,1.96252
302,0,0.368105,1.46968,0.1308,1.96859
303,0,0.369315,1.47422,0.131216,1.97475
304,0,0.370456,1.47867,0.131542,1.98067
305,0,0.371985,1.48289,0.131913,1.98679
306,0,0.37338,1.48791,0.132404,1.9937
307,0,0.374714,1.49259,0.132703,2
308,0,0.37587,1.49816,0.133054,2.00708
309,0,0.376957,1.50355,0.133569,2.01407
310,0,0.378015,1.5087,0.134061,2.02078
311,0,0.379248,1.51298,0.134435,2.02667
312,0,0.380267,1.51773,0.134838,2.03283
313,0,0.380958,1.52266,0.135707,2.03933
314,0,0.382182,1.52762,0.136222,2.04602
315,0,0.383334,1.5321,0.136625,2.05206
316,0,0.384566,1.5367,0.137091,2.05836
317,0,0.385789,1.54126,0.137523,2.06457
318,0,0.387018,1.54584,0.137997,2.07085
319,0,0.388271,1.55038,0.138318,2.07697
320,0,0.389334,1.55476,0.138561,2.08265
321,0,0.390511,1.55925,0.138895,2.08865
322,0,0.391568,1.56405,0.139237,2.09485
323,0,0.392349,1.56895,0.139731,2.10103
324,0,0.393556,1.57349,0.140095,2.10714
325,0,0.394738,1.57801,0.14047,2.11322
326,0,0.395921,1.58284,0.140701,2.11946
327,0,0.396945,1.58753,0.141125,2.1256
328,0,0.397902,1.59229,0.141481,2.13167
329,0,0.399096,1.59726,0.142009,2.13836
330,0,0.400356,1.60224,0.142485,2.14508
331,0,0.401562,1.60686,0.142911,2.15133
332,0,0.402654,1.61149,0.143363,2.15751
333,0,0.403685,1.61608,0.143766,2.16353
334,0,0.404727,1.62076,0.144056,2.16954
335,0,0.406049,1.62583,0.144449,2.17633
336,0,0.407149,1.63054,0.144873,2.18257
337,0,0.408267,1.63522,0.145256,2.18875
338,0,0.409663,1.63994,0.1456,2.1952
339,0,0.411093,1.64485,0.145955,2.2019
340,0,0.412206,1.64925,0.146269,2.20773
341,0,0.413438,1.65374,0.146622,2.2138
342,0,0.414144,1.65883,0.147014,2.21999
343,0,0.415363,1.66351,0.147431,2.22631
344,0,0.416592,1.66848,0.147956,2.23303
345,0,0.417743,1.67307,0.148397,2.23921
346,0,0.419055,1.67793,0.148754,2.24574
347,0,0.419992,1.68276,0.149142,2.25189
348,0,0.421088,1.68727,0.149484,2.25784
349,0,0.422113,1.69173,0.149918,2.26376
350,0,0.423246,1.69632,0.150169,2.26974
351,0,0.424428,1.7007,0.150518,2.27564
352,0,0.425563,1.70527,0.150911,2.28174
353,0,0.42658,1.71005,0.151362,2.28799
354,0,0.427471,1.71506,0.151842,2.29437
355,0,0.428572,1.71955,0.152172,2.30029
356,0,0.429959,1.72446,0.152444,2.30687
357,0,0.431294,1.73172,0.152861,2.31588
358,0,0.432373,1.7363,0.153267,2.32194
359,0,0.433693,1.74097,0.153563,2.32823
360,0,0.434814,1.74599,0.154095,2.3349
361,0,0.436169,1.75082,0.154385,2.34138
362,0,0.437261,1.75554,0.157747,2.35055
363,0,0.438504,1.76019,0.15821,2.35691
364,0,0.439686,1.76482,0.15857,2.36308
365,0,0.440894,1.77002,0.159008,2.36992
366,0,0.441925,1.77475,0.160223,2.37689
367,0,0.443156,1.77989,0.161104,2.38415
368,0,0.444362,1.78451,0.16146,2.39033
369,0,0.445658,1.78906,0.161915,2.39663
370,0,0.446765,1.79394,0.162268,2.40298
371,0,0.447728,1.79889,0.162516,2.40913
372,0,0.448928,1.80385,0.162952,2.41573
373,0,0.450078,1.80864,0.163294,2.42201
374,0,0.451104,1.81333,0.163705,2.42814
375,0,0.452233,1.81846,0.164105,2.4348
376,0,0.453622,1.82299,0.164498,2.44111
377,0,0.454586,1.8277,0.164769,2.44705
378,0,0.455744,1.83245,0.165161,2.45336
379,0,0.456834,1.83762,0.165563,2.46001
380,0,0.458088,1.84212,0.165969,2.46618
381,0,0.459088,1.84669,0.166386,2.47217
382,0,0.460135,1.85138,0.16677,2.47829
383,0,0.461046,1.85601,0.167113,2.48417
384,0,0.461987,1.86153,0.167617,2.49113
385,0,0.463308,1.86592,0.168072,2.4973
386,0,0.464507,1.87055,0.168599,2.50366
387,0,0.465583,1.87545,0.169068,2.5101
388,0,0.466808,1.87994,0.169441,2.51619
389,0,0.467906,1.88455,0.169793,2.52224
390,0,0.469045,1.8889,0.17011,2.52805
391,0,0.470336,1.89354,0.170456,2.53433
392,0,0.471418,1.89808,0.170821,2.54032
393,0,0.472544,1.90273,0.17118,2.54646
394,0,0.473837,1.90755,0.171557,2.55294
395,0,0.47508,1.91235,0.172154,2.55958
396,0,0.476374,1.91721,0.172688,2.56627
397,0,0.477554,1.92177,0.172999,2.57232
398,0,0.478451,1.92671,0.17366,2.57882
399,0,0.479841,1.93259,0.174128,2.58656
400,0,0.480948,1.93867,0.1748,2.59442
401,0,0.482092,1.94417,0.175119,2.60138
402,0,0.48343,1.94961,0.175719,2.60876
403,0,0.484863,1.95524,0.176893,2.617
404,0,0.486524,1.96049,0.177421,2.62443
405,0,0.488043,1.96575,0.178242,2.63203
406,0,0.489402,1.97105,0.178923,2.63938
407,0,0.490496,1.97597,0.17944,2.64591
408,0,0.491925,1.98127,0.182371,2.65557
409,0,0.493367,1.98615,0.182783,2.6623
410,0,0.494754,1.99213,0.183233,2.67011
411,0,0.496232,1.99785,0.183451,2.67753
412,0,0.497475,2.00273,0.184019,2.68422
413,0,0.498507,2.00766,0.184345,2.69051
414,0,0.49939,2.01247,0.184779,2.69664
415,0,0.500429,2.01742,0.185095,2.70294
416,0,0.501889,2.02314,0.185442,2.71047
417,0,0.502929,2.0304,0.186589,2.71992
418,0,0.504112,2.03638,0.187307,2.7278
419,0,0.505411,2.04218,0.187763,2.73536
420,0,0.507078,2.04728,0.188376,2.74273
421,0,0.508857,2.05283,0.189756,2.75144
422,0,0.511732,2.05641,0.189947,2.75809
423,0,0.513646,2.06159,0.190268,2.7655
424,0,0.515121,2.06644,0.190788,2.77235
425,0,0.516965,2.07198,0.191126,2.78007
426,0,0.518448,2.07792,0.191526,2.78789
427,0,0.519758,2.08289,0.192045,2.79469
428,0,0.522175,2.08673,0.192475,2.80138
429,0,0.523573,2.09241,0.192821,2.8088
430,0,0.525061,2.09795,0.193117,2.81613
431,0,0.526136,2.10308,0.193428,2.82264
432,0,0.52729,2.10864,0.193783,2.82971
433,0,0.52852,2.11417,0.194162,2.83686
434,0,0.529677,2.11904,0.194618,2.84334
435,0,0.530772,2.12383,0.194909,2.84951
436,0,0.531965,2.129,0.195322,2.85628
437,0,0.533453,2.13349,0.195613,2.86255
438,0,0.534741,2.13803,0.195914,2.86868
439,0,0.535989,2.1431,0.196416,2.87551
440,0,0.537204,2.14795,0.196816,2.88197
441,0,0.538465,2.15285,0.197225,2.88854
442,0,0.539522,2.15763,0.197565,2.89472
443,0,0.540611,2.16229,0.198026,2.90093
444,0,0.541791,2.16666,0.19847,2.90692
445,0,0.542985,2.1716,0.19908,2.91366
446,0,0.544427,2.17611,0.199724,2.92026
447,0,0.545593,2.1809,0.199971,2.92646
448,0,0.546758,2.1861,0.200528,2.93338
449,0,0.547766,2.19117,0.200777,2.93972
450,0,0.548938,2.19612,0.201188,2.94625
451,0,0.549996,2.20121,0.201829,2.95303
452,0,0.551102,2.20594,0.202261,2.95931
453,0,0.552147,2.2109,0.202596,2.96564
454,0,0.553244,2.2161,0.202854,2.9722
455,0,0.55436,2.22109,0.203631,2.97909
456,0,0.555242,2.2265,0.204128,2.98587
457,0,0.556025,2.23177,0.204512,2.9923
458,0,0.55727,2.23889,0.204762,3.00092
459,0,0.558301,2.24412,0.205129,3.00755
460,0,0.559513,2.24913,0.205543,3.01418
461,0,0.560436,2.25466,0.206066,3.02116
462,0,0.561934,2.25896,0.206464,3.02736
463,0,0.563282,2.26331,0.206987,3.03358
464,0,0.564572,2.26787,0.207215,3.03965
465,0,0.56575,2.27245,0.207475,3.04568
466,0,0.56691,2.27729,0.207804,3.052
467,0,0.56816,2.28215,0.208253,3.05857
468,0,0.569227,2.28691,0.208664,3.0648
469,0,0.570343,2.29258,0.212658,3.07558
470,0,0.572732,2.2998,0.213383,3.08591
471,0,0.574167,2.30504,0.213798,3.09301
472,0,0.575396,2.31037,0.214267,3.10003
473,0,0.576481,2.31516,0.214778,3.10642
474,0,0.577757,2.31983,0.215199,3.11278
475,0,0.578977,2.3241,0.215501,3.11858
476,0,0.579899,2.3291,0.215832,3.12484
477,0,0.581035,2.3339,0.216471,3.13141
478,0,0.581957,2.3389,0.216786,3.13764
479,0,0.583036,2.34319,0.217103,3.14332
480,0,0.583938,2.34777,0.217514,3.14922
481,0,0.58502,2.35262,0.217732,3.15537
482,0,0.586337,2.35709,0.218171,3.1616
483,0,0.587656,2.36143,0.218573,3.16766
484,0,0.588844,2.36619,0.220684,3.17572
485,0,0.590081,2.37078,0.221084,3.18195
486,0,0.591547,2.37697,0.221659,3.19017
487,0,0.592624,2.38277,0.222133,3.19753
488,0,0.593923,2.38754,0.222641,3.20411
489,0,0.595325,2.39266,0.223038,3.21103
490,0,0.596573,2.39761,0.223399,3.21758
491,0,0.597623,2.40264,0.223717,3.22398
492,0,0.598687,2.40732,0.224167,3.23018
493,0,0.59989,2.41303,0.224525,3.23744
494,0,0.601894,2.4208,0.224802,3.2475
495,0,0.603273,2.42615,0.225201,3.25462
496,0,0.604368,2.43169,0.225522,3.26158
497,0,0.605569,2.43632,0.225907,3.26779
498,0,0.607416,2.44168,0.226342,3.27544
499,0,0.608993,2.4474,0.226728,3.28312
500,0,0.610284,2.45306,0.227102,3.29044
501,0,0.611417,2.45793,0.227475,3.29683
502,0,0.612519,2.46403,0.22776,3.30431
503,0,0.61392,2.46979,0.22817,3.31188
504,0,0.615878,2.4746,0.228525,3.319
505,0,0.617275,2.48019,0.22892,3.32639
506,0,0.618439,2.48598,0.229238,3.33366
507,0,0.619545,2.49135,0.229703,3.34059
508,0,0.620698,2.49621,0.230436,3.34734
509,0,0.621721,2.50169,0.230843,3.35425
510,0,0.622994,2.50666,0.231337,3.36099
511,0,0.624484,2.51241,0.232138,3.36903
512,0,0.626092,2.51853,0.232633,3.37726
513,0,0.627469,2.5239,0.232975,3.38435
514,0,0.628642,2.52895,0.233419,3.39101
515,0,0.629943,2.53372,0.23372,3.39738
516,0,0.631216,2.53905,0.234208,3.40447
517,0,0.632606,2.54581,0.234719,3.41313
518,0,0.634045,2.55151,0.235055,3.4206
519,0,0.635271,2.55709,0.235408,3.42777
520,0,0.636358,2.56173,0.23593,3.43402
521,0,0.637882,2.56626,0.236497,3.44064
522,0,0.639178,2.5712,0.236824,3.4472
523,0,0.640495,2.57565,0.237262,3.45341
524,0,0.641604,2.58052,0.23764,3.45977
525,0,0.642802,2.58519,0.238084,3.46607
526,0,0.64423,2.59069,0.238668,3.47359
527,0,0.64585,2.59619,0.239428,3.48147
528,0,0.648425,2.60197,0.239721,3.49011
529,0,0.649623,2.60812,0.24004,3.49778
530,0,0.650916,2.61366,0.240403,3.50498
531,0,0.651696,2.61903,0.240795,3.51152
532,0,0.652818,2.62392,0.241644,3.51838
533,0,0.654167,2.62828,0.242071,3.52452
534,0,0.655318,2.63341,0.242358,3.53109
535,0,0.656526,2.63793,0.242773,3.53723
536,0,0.657772,2.64251,0.243037,3.54332
537,0,0.658995,2.64738,0.24357,3.54994
538,0,0.660206,2.65183,0.243865,3.5559
539,0,0.661259,2.65651,0.244255,3.56202
540,0,0.662448,2.66131,0.244698,3.56846
541,0,0.663721,2.66644,0.245162,3.57532
542,0,0.665001,2.67085,0.245644,3.5815
543,0,0.666129,2.67579,0.246095,3.58802
544,0,0.667494,2.68041,0.246293,3.59419
545,0,0.668493,2.68545,0.246591,3.60054
546,0,0.669554,2.69041,0.246916,3.60688
547,0,0.670699,2.6952,0.247271,3.61317
548,0,0.671992,2.69991,0.247664,3.61957
549,0,0.673045,2.70554,0.248266,3.62685
550,0,0.674308,2.71023,0.248686,3.63323
551,0,0.675253,2.71506,0.249068,3.63939
552,0,0.676552,2.71988,0.249441,3.64587
553,0,0.67812,2.72678,0.250068,3.65497
554,0,0.67965,2.73265,0.250366,3.66266
555,0,0.681088,2.73811,0.250765,3.66996
556,0,0.681761,2.74367,0.25111,3.67654
557,0,0.682867,2.74849,0.251532,3.68289
558,0,0.684037,2.75331,0.251947,3.68929
559,0,0.685288,2.75808,0.252288,3.69566
560,0,0.686257,2.76338,0.252739,3.70238
561,0,0.68747,2.76825,0.253289,3.709
562,0,0.688592,2.77342,0.253744,3.71576
563,0,0.690142,2.78047,0.254324,3.72494
564,0,0.692062,2.78571,0.254808,3.73258
565,0,0.693487,2.79111,0.255265,3.73986
566,0,0.694669,2.79563,0.255594,3.7459
567,0,0.695908,2.80028,0.255836,3.75202
568,0,0.697096,2.805,0.256207,3.7583
569,0,0.698412,2.80983,0.256497,3.76474
570,0,0.699474,2.81462,0.256831,3.77093
571,0,0.700566,2.8194,0.257125,3.77709
572,0,0.701521,2.82458,0.257386,3.78349
573,0,0.702633,2.82993,0.257851,3.79042
574,0,0.703956,2.83437,0.258239,3.79657
575,0,0.705079,2.83898,0.258487,3.80255
576,0,0.706011,2.844,0.258633,3.80864
577,0,0.707273,2.84839,0.259065,3.81472
578,0,0.708637,2.85317,0.259454,3.82126
579,0,0.709897,2.85783,0.259906,3.82763
580,0,0.71185,2.86479,0.26031,3.83695
581,0,0.713153,2.87012,0.260629,3.8439
582,0,0.714177,2.87559,0.260884,3.85065
583,0,0.715434,2.87992,0.26125,3.8566
584,0,0.716673,2.88513,0.261678,3.86348
585,0,0.718034,2.89017,0.263308,3.87151
586,0,0.719471,2.89499,0.263747,3.87821
587,0,0.720849,2.89972,0.264216,3.88479
588,0,0.722016,2.90439,0.264632,3.89104
589,0,0.723915,2.91055,0.265153,3.89962
590,0,0.725296,2.91659,0.266082,3.90797
591,0,0.726905,2.92312,0.266356,3.91638
592,0,0.728141,2.93521,0.2667,3.93006
593,0,0.729719,2.93955,0.267121,3.93639
594,0,0.731249,2.94428,0.267359,3.94289
595,0,0.732788,2.94878,0.267805,3.94937
596,0,0.734375,2.95356,0.268298,3.95623
597,0,0.735736,2.95844,0.268753,3.96293
598,0,0.737255,2.96344,0.26915,3.96984
599,0,0.7388,2.96819,0.269545,3.97654
600,0,0.740025,2.97312,0.270099,3.98325
601,0,0.741363,2.97861,0.270598,3.99057
602,0,0.742876,2.98346,0.271095,3.99743
603,0,0.74431,2.98846,0.271666,4.00443
604,0,0.745847,2.99379,0.272303,4.01194
605,0,0.748001,3.00386,0.27288,4.02474
606,0,0.75012,3.01141,0.2737,4.03523
607,0,0.751262,3.01744,0.273969,4.04267
608,0,0.752747,3.02392,0.274325,4.05099
609,0,0.75395,3.03154,0.274826,4.06032
610,0,0.755441,3.03723,0.275164,4.06784
611,0,0.7567,3.04284,0.275484,4.07502
612,0,0.757899,3.04772,0.275895,4.08152
613,0,0.75898,3.05213,0.276275,4.08739
614,0,0.760235,3.05677,0.276783,4.09378
615,0,0.761417,3.0614,0.277222,4.10004
616,0,0.762591,3.06605,0.27783,4.10647
617,0,0.763926,3.07095,0.27841,4.11329
618,0,0.765264,3.07585,0.278848,4.11996
619,0,0.766428,3.08067,0.279111,4.12621
620,0,0.76774,3.08507,0.279444,4.13225
621,0,0.768863,3.08979,0.279775,4.13843
622,0,0.769918,3.09494,0.280087,4.14495
623,0,0.771043,3.1,0.280584,4.15163
624,0,0.772399,3.1044,0.280919,4.15772
625,0,0.773587,3.10911,0.281548,4.16424
626,0,0.774909,3.11385,0.282138,4.1709
627,0,0.776101,3.11871,0.28249,4.1773
628,0,0.777134,3.12363,0.283077,4.18384
629,0,0.778355,3.12866,0.283574,4.19059
630,0,0.779636,3.13313,0.284062,4.19682
631,0,0.780969,3.13752,0.284429,4.20292
632,0,0.782242,3.14211,0.284834,4.20919
633,0,0.783435,3.14662,0.285304,4.21536
634,0,0.784964,3.15126,0.285815,4.22204
635,0,0.786132,3.15669,0.28622,4.22904
636,0,0.787251,3.16142,0.286626,4.23529
637,0,0.7885,3.16587,0.287014,4.24139
638,0,0.789915,3.17035,0.287255,4.24752
639,0,0.791065,3.17508,0.287667,4.25381
640,0,0.792134,3.17961,0.28807,4.25982
641,0,0.793269,3.18459,0.288484,4.26634
642,0,0.794315,3.18931,0.288818,4.27244
643,0,0.795654,3.19435,0.289143,4.27915
644,0,0.796782,3.19929,0.289641,4.28571
645,0,0.798113,3.20494,0.290237,4.29329
646,0,0.79914,3.20981,0.290852,4.2998
647,0,0.800261,3.21568,0.291282,4.30722
648,0,0.801418,3.22135,0.291647,4.31441
649,0,0.8026,3.22613,0.292169,4.3209
650,0,0.803903,3.23074,0.292519,4.32716
651,0,0.805075,3.23643,0.292789,4.33429
652,0,0.806258,3.24189,0.293242,4.34139
653,0,0.80736,3.24655,0.293607,4.34752
654,0,0.808737,3.25159,0.294148,4.35447
655,0,0.810074,3.25624,0.294558,4.36087
656,0,0.811394,3.26081,0.294997,4.3672
657,0,0.81224,3.26783,0.299153,4.37922
658,0,0.814321,3.29576,0.30243,4.41251
659,0,0.815796,3.30146,0.303266,4.42052
660,0,0.817129,3.30756,0.303811,4.4285
661,0,0.818438,3.31262,0.304152,4.43521
662,0,0.819638,3.31768,0.304373,4.44169
663,0,0.821063,3.32296,0.304695,4.44871
664,0,0.822346,3.32805,0.305158,4.45555
665,0,0.823238,3.33386,0.306474,4.46357
666,0,0.824621,3.3421,0.307186,4.4739
667,0,0.826306,3.34797,0.307695,4.48198
668,0,0.828188,3.3531,0.308045,4.48933
669,0,0.829461,3.35964,0.308345,4.49745
670,0,0.830431,3.36672,0.308893,4.50604
671,0,0.831704,3.3722,0.309247,4.51316
672,0,0.832861,3.37755,0.309522,4.51993
673,0,0.834018,3.38227,0.309883,4.52617
674,0,0.835034,3.38732,0.31029,4.53264
675,0,0.836162,3.39225,0.31081,4.53922
676,0,0.83721,3.39727,0.311163,4.54565
677,0,0.838412,3.4019,0.311529,4.55184
678,0,0.839432,3.40668,0.311901,4.55802
679,0,0.840545,3.41141,0.312322,4.56427
680,0,0.841677,3.41605,0.312905,4.57063
681,0,0.842794,3.4209,0.313316,4.57701
682,0,0.843765,3.42606,0.313516,4.58334
683,0,0.844918,3.43148,0.313799,4.5902
684,0,0.845962,3.43625,0.314091,4.5963
685,0,0.84693,3.44134,0.314437,4.6027
686,0,0.848334,3.44671,0.314845,4.60989
687,0,0.849986,3.45204,0.315371,4.61739
688,0,0.851103,3.45666,0.315744,4.6235
689,0,0.852252,3.46131,0.316073,4.62963
690,0,0.853504,3.46856,0.316574,4.63864
691,0,0.857396,3.47674,0.317468,4.65161
692,0,0.860584,3.48933,0.318182,4.66809
693,0,0.862184,3.49415,0.318517,4.67485
694,0,0.863297,3.49971,0.319023,4.68203
695,0,0.864616,3.50467,0.319331,4.68862
696,0,0.865979,3.51032,0.319815,4.69611
697,0,0.867325,3.51601,0.320225,4.70356
698,0,0.868589,3.52165,0.320684,4.71093
699,0,0.871112,3.52872,0.321022,4.72085
700,0,0.872556,3.53431,0.321436,4.7283
701,0,0.87466,3.54007,0.321741,4.73647
702,0,0.875681,3.5476,0.322381,4.74567
703,0,0.87693,3.55314,0.322644,4.75271
704,0,0.878134,3.55843,0.32299,4.75955
705,0,0.879396,3.56381,0.323399,4.76661
706,0,0.880619,3.56839,0.323716,4.77273
707,0,0.881594,3.57345,0.324098,4.77914
708,0,0.88263,3.5783,0.324456,4.78539
709,0,0.883494,3.58305,0.324732,4.79128
710,0,0.884228,3.58788,0.325194,4.7973
711,0,0.885228,3.59244,0.325509,4.80318
712,0,0.886482,3.59716,0.325779,4.80943
713,0,0.887632,3.60197,0.326023,4.81562
714,0,0.888672,3.60671,0.326297,4.82167
715,0,0.889811,3.6114,0.326634,4.82784
716,0,0.890842,3.61642,0.327097,4.83436
717,0,0.891957,3.62234,0.327465,4.84176
718,0,0.892954,3.62777,0.327769,4.8485
719,0,0.894108,3.6326,0.328103,4.85481
720,0,0.895205,3.63736,0.329064,4.86163
721,0,0.896551,3.64255,0.329363,4.86847
722,0,0.90016,3.6491,0.329744,4.87901
723,0,0.900798,3.67165,0.330081,4.90253
724,0,0.901493,3.67773,0.331139,4.91036
725,0,0.902654,3.68305,0.331638,4.91734
726,0,0.903856,3.6886,0.331843,4.9243
727,0,0.905019,3.69411,0.332099,4.93123
728,0,0.906162,3.69933,0.332443,4.93794
729,0,0.907306,3.70415,0.332849,4.94431
730,0,0.908723,3.70983,0.333099,4.95165
731,0,0.911413,3.7175,0.333611,4.96253
732,0,0.913108,3.72381,0.335168,4.97209
733,0,0.915473,3.72857,0.3359,4.97994
734,0,0.917468,3.73456,0.336185,4.98821
735,0,0.918755,3.74171,0.33656,4.99702
736,0,0.920017,3.74778,0.336846,5.00465
737,0,0.921144,3.75335,0.337132,5.01163
738,0,0.922133,3.75798,0.337389,5.0175
739,0,0.923048,3.76331,0.337739,5.0241
740,0,0.924413,3.76794,0.338164,5.03052
741,0,0.925511,3.77304,0.338601,5.03715
742,0,0.926787,3.77846,0.339034,5.04428
743,0,0.927872,3.78319,0.339408,5.05047
744,0,0.929377,3.78776,0.340095,5.05723
745,0,0.930697,3.79282,0.340391,5.06391
746,0,0.931904,3.79798,0.340828,5.07071
747,0,0.93323,3.80298,0.341242,5.07746
748,0,0.934581,3.80811,0.341532,5.08422
749,0,0.935869,3.81451,0.341885,5.09226
750,0,0.937042,3.82009,0.342116,5.09925
751,0,0.938028,3.82494,0.342526,5.1055
752,0,0.939494,3.83069,0.342848,5.11304
753,0,0.941213,3.83681,0.343494,5.12152
754,0,0.942375,3.84485,0.343904,5.13113
755,0,0.944397,3.8505,0.344416,5.13932
756,0,0.945916,3.85731,0.344788,5.14801
757,0,0.94754,3.86413,0.345319,5.15699
758,0,0.948758,3.87222,0.345919,5.1669
759,0,0.949813,3.87779,0.346167,5.17377
760,0,0.950832,3.88383,0.346607,5.18127
761,0,0.952225,3.88806,0.347013,5.18729
762,0,0.953634,3.89238,0.34741,5.19342
763,0,0.955033,3.89724,0.347982,5.20025
764,0,0.956475,3.90173,0.348332,5.20654
765,0,0.957798,3.90611,0.34872,5.21263
766,0,0.959154,3.91054,0.349345,5.21904
767,0,0.960284,3.91512,0.349798,5.2252
768,0,0.961322,3.9198,0.350152,5.23127
769,0,0.962484,3.9242,0.350551,5.23724
770,0,0.963547,3.92869,0.35139,5.24363
771,0,0.964757,3.93329,0.351785,5.24983
772,0,0.965483,3.93804,0.352296,5.25582
773,0,0.966501,3.9428,0.352765,5.26206
774,0,0.968073,3.94856,0.353253,5.26989
775,0,0.969517,3.95469,0.353592,5.27779
776,0,0.970652,3.95926,0.354079,5.28399
777,0,0.971825,3.96384,0.354606,5.29027
778,0,0.972709,3.96907,0.355235,5.29701
779,0,0.973915,3.9735,0.355565,5.30299
780,0,0.975002,3.978,0.356055,5.30906
781,0,0.976062,3.98252,0.357234,5.31581
782,0,0.977405,3.98721,0.357801,5.32242
783,0,0.978559,3.99239,0.358133,5.32908
784,0,0.979667,3.99717,0.358481,5.33532
785,0,0.981017,4.00179,0.358828,5.34163
786,0,0.981803,4.00675,0.359142,5.3477
787,0,0.983046,4.01095,0.35956,5.35356
788,0,0.984142,4.01571,0.359899,5.35975
789,0,0.98518,4.0205,0.360358,5.36604
790,0,0.986058,4.02519,0.360816,5.37206
791,0,0.987219,4.02951,0.361303,5.37803
792,0,0.988368,4.03394,0.361895,5.3842
793,0,0.989506,4.03819,0.362364,5.39006
794,0,0.990546,4.04265,0.36265,5.39585
795,0,0.991635,4.0472,0.363097,5.40194
796,0,0.992457,4.0522,0.363795,5.40846
797,0,0.993677,4.05664,0.364482,5.4148
798,0,0.994729,4.06105,0.364827,5.42061
799,0,0.995749,4.06586,0.365019,5.42663
800,0,0.996844,4.07062,0.365419,5.43289
801,0,0.997832,4.07578,0.365722,5.43933
802,0,0.998838,4.08032,0.366495,5.44565
803,0,0.999972,4.08652,0.366917,5.45341
804,0,1.00099,4.09117,0.367376,5.45953
805,0,1.00234,4.09541,0.367741,5.46549
806,0,1.00332,4.10014,0.368231,5.47169
807,0,1.00442,4.10522,0.368649,5.47829
808,0,1.00542,4.11002,0.369172,5.48462
809,0,1.00634,4.11482,0.369688,5.49084
810,0,1.00779,4.11962,0.3703,5.4977
811,0,1.00912,4.12454,0.370933,5.50459
812,0,1.01028,4.12935,0.371237,5.51087
813,0,1.01143,4.13491,0.371623,5.51796
814,0,1.01232,4.13958,0.372096,5.52399
815,0,1.01346,4.14412,0.37336,5.53094
816,0,1.01451,4.14874,0.373763,5.53701
817,0,1.01568,4.15322,0.374207,5.54311
818,0,1.01678,4.15831,0.374933,5.55003
819,0,1.01779,4.16354,0.375291,5.55662
820,0,1.01887,4.16861,0.375681,5.56316
821,0,1.02001,4.17373,0.376042,5.56979
822,0,1.02118,4.17825,0.376786,5.57622
823,0,1.02252,4.18249,0.377395,5.5824
824,0,1.02372,4.18686,0.377705,5.58828
825,0,1.02488,4.19185,0.378072,5.5948
826,0,1.02587,4.19672,0.3786,5.60119
827,0,1.02708,4.20173,0.378942,5.60775
828,0,1.02828,4.2067,0.379403,5.61438
829,0,1.02954,4.21104,0.37975,5.62032
830,0,1.03071,4.21574,0.380145,5.62659
831,0,1.03205,4.2202,0.380564,5.63282
832,0,1.03321,4.22482,0.380959,5.639
833,0,1.03424,4.23011,0.381391,5.64574
834,0,1.0356,4.23444,0.381715,5.65175
835,0,1.03672,4.23902,0.382116,5.65786
836,0,1.03775,4.24352,0.382498,5.66377
837,0,1.0389,4.24816,0.382883,5.66994
838,0,1.03998,4.2528,0.383275,5.67606
839,0,1.04113,4.25711,0.383648,5.68188
840,0,1.04224,4.26125,0.383964,5.68745
841,0,1.04313,4.26614,0.384385,5.69366
842,0,1.04424,4.27089,0.384727,5.69986
843,0,1.04547,4.27585,0.387875,5.7092
844,0,1.0465,4.28044,0.388385,5.71532
845,0,1.0477,4.28507,0.389635,5.72241
846,0,1.04877,4.28991,0.389876,5.72856
847,0,1.04985,4.29473,0.390156,5.73473
848,0,1.05067,4.30004,0.39082,5.74152
849,0,1.05175,4.30467,0.391241,5.74767
850,0,1.05298,4.30921,0.391744,5.75394
851,0,1.05394,4.31375,0.392157,5.75984
852,0,1.05492,4.3185,0.392515,5.76594
853,0,1.05601,4.32322,0.392788,5.77202
854,0,1.05721,4.32832,0.39298,5.77851
855,0,1.05824,4.33278,0.393376,5.7844
856,0,1.05926,4.33738,0.393791,5.79043
857,0,1.06044,4.3419,0.394256,5.7966
858,0,1.06154,4.34625,0.394632,5.80242
859,0,1.06265,4.35078,0.394891,5.80832
860,0,1.06369,4.35549,0.395157,5.81433
861,0,1.0649,4.35991,0.395538,5.82035
862,0,1.06593,4.36496,0.395934,5.82683
863,0,1.06727,4.37078,0.396411,5.83446
864,0,1.06837,4.37597,0.396921,5.84126
865,0,1.06956,4.38025,0.397203,5.84701
866,0,1.07075,4.38486,0.397623,5.85323
867,0,1.07185,4.38982,0.398022,5.85969
868,0,1.07305,4.39452,0.398425,5.86599
869,0,1.07407,4.39933,0.398723,5.87212
870,0,1.07524,4.40439,0.399043,5.87867
871,0,1.07619,4.40896,0.399496,5.88464
872,0,1.07737,4.41351,0.399837,5.89071
873,0,1.07857,4.41834,0.400226,5.89713
874,0,1.07944,4.42289,0.40046,5.90279
875,0,1.08045,4.42743,0.400867,5.90875
876,0,1.08163,4.43242,0.401334,5.91538
877,0,1.08272,4.43706,0.402855,5.92263
878,0,1.08381,4.4417,0.403189,5.9287
879,0,1.08507,4.44626,0.403581,5.93491
880,0,1.08603,4.45081,0.403972,5.94081
881,0,1.0871,4.45571,0.404354,5.94716
882,0,1.08828,4.46043,0.404664,5.95337
883,0,1.08936,4.46478,0.404973,5.95912
884,0,1.09019,4.46951,0.405336,5.96503
885,0,1.09127,4.47422,0.405781,5.97128
886,0,1.09217,4.47901,0.406155,5.97733
887,0,1.09301,4.48398,0.40642,5.98341
888,0,1.09398,4.48865,0.406859,5.98948
889,0,1.09519,4.49345,0.40726,5.9959
890,0,1.09615,4.49828,0.407763,6.00219
891,0,1.0972,4.50292,0.40829,6.00841
892,0,1.09835,4.50793,0.408754,6.01504
893,0,1.09941,4.5129,0.409283,6.02159
894,0,1.1006,4.51755,0.409603,6.02775
895,0,1.10173,4.52217,0.409834,6.03373
896,0,1.10261,4.52745,0.410134,6.04019
897,0,1.10355,4.5322,0.410575,6.04633
898,0,1.10472,4.53716,0.411181,6.05307
899,0,1.10656,4.54225,0.411617,6.06043
900,0,1.10918,4.54907,0.412227,6.07048
901,0,1.11052,4.55341,0.412686,6.07661
902,0,1.11153,4.55801,0.412991,6.08253
903,0,1.1125,4.56326,0.413323,6.08908
904,0,1.11355,4.56835,0.413824,6.09572
905,0,1.11462,4.57295,0.414131,6.10171
906,0,1.1158,4.57842,0.414374,6.1086
907,0,1.11694,4.58319,0.414799,6.11493
908,0,1.11796,4.58757,0.415199,6.12073
909,0,1.11905,4.59224,0.415569,6.12686
910,0,1.12003,4.59693,0.415902,6.13287
911,0,1.12124,4.60145,0.416218,6.13891
912,0,1.1224,4.60576,0.416526,6.14468
913,0,1.1234,4.61021,0.416947,6.15056
914,0,1.12435,4.61513,0.417237,6.15671
915,0,1.12541,4.61976,0.418576,6.16375
916,0,1.12623,4.62497,0.418828,6.17003
917,0,1.12712,4.62987,0.419277,6.17627
918,0,1.12823,4.63493,0.419636,6.1828
919,0,1.12921,4.63979,0.420132,6.18913
920,0,1.13003,4.64488,0.420548,6.19546
921,0,1.13121,4.6493,0.420947,6.20146
922,0,1.13229,4.65394,0.421452,6.20768
923,0,1.13318,4.65965,0.421694,6.21453
924,0,1.13443,4.66415,0.422037,6.22061
925,0,1.13551,4.66877,0.422584,6.22686
926,0,1.13681,4.67311,0.422918,6.23284
927,0,1.13796,4.67764,0.423277,6.23887
928,0,1.13914,4.68269,0.423654,6.24548
929,0,1.14036,4.68707,0.424075,6.2515
930,0,1.14157,4.69161,0.424329,6.25751
931,0,1.14301,4.69553,0.424611,6.26316
932,0,1.14421,4.70018,0.424981,6.26937
933,0,1.1451,4.70532,0.425375,6.2758
934,0,1.14606,4.71044,0.425812,6.28231
935,0,1.14731,4.71516,0.426245,6.28872
936,0,1.14843,4.71982,0.426693,6.29495
937,0,1.14937,4.72447,0.427121,6.30097
938,0,1.15044,4.72887,0.427447,6.30676
939,0,1.15157,4.7332,0.427876,6.31265
940,0,1.1528,4.73757,0.428383,6.31875
941,0,1.15388,4.7422,0.428863,6.32494
942,0,1.15513,4.7466,0.429294,6.33103
943,0,1.15628,4.75118,0.429646,6.33711
944,0,1.15725,4.75577,0.430032,6.34306
945,0,1.15859,4.7602,0.430572,6.34937
946,0,1.15934,4.76542,0.430914,6.35567
947,0,1.16043,4.76995,0.431486,6.36186
948,0,1.16143,4.77531,0.431785,6.36853
949,0,1.1623,4.77986,0.432097,6.37426
950,0,1.16353,4.78436,0.432534,6.38042
951,0,1.16468,4.78879,0.432831,6.3863
952,0,1.16584,4.79323,0.433309,6.39238
953,0,1.16698,4.79763,0.433671,6.39828
954,0,1.17053,4.81183,0.433972,6.41633
955,0,1.17169,4.81649,0.434259,6.42244
956,0,1.17266,4.82125,0.434679,6.42859
957,0,1.1737,4.82579,0.435016,6.43451
958,0,1.17487,4.83033,0.435309,6.44051
959,0,1.17601,4.83528,0.436866,6.44816
960,0,1.17691,4.84027,0.437117,6.45429
961,0,1.17813,4.84486,0.437535,6.46052
962,0,1.17901,4.8497,0.437749,6.46646
963,0,1.18011,4.85419,0.438044,6.47235
964,0,1.1813,4.859,0.438368,6.47866
965,0,1.18246,4.86397,0.438778,6.48521
966,0,1.18385,4.86914,0.439099,6.49209
967,0,1.18494,4.87397,0.439376,6.49828
968,0,1.18608,4.87858,0.439838,6.50449
969,0,1.18734,4.8832,0.440175,6.51072
970,0,1.18826,4.88771,0.440586,6.51655
971,0,1.18943,4.89198,0.440923,6.52233
972,0,1.19034,4.89735,0.441342,6.52903
973,0,1.19148,4.90234,0.441652,6.53547
974,0,1.19211,4.90756,0.442132,6.5418
975,0,1.19436,4.91356,0.44263,6.55055
976,0,1.1959,4.919,0.443313,6.55821
977,0,1.19773,4.92471,0.443786,6.56622
978,0,1.19892,4.93096,0.444093,6.57397
979,0,1.20069,4.93591,0.444526,6.58113
980,0,1.2023,4.94039,0.445173,6.58787
981,0,1.20364,4.94524,0.445548,6.59443
982,0,1.20502,4.95089,0.445935,6.60184
983,0,1.20633,4.95589,0.446297,6.60851
984,0,1.2076,4.96063,0.446553,6.61479
985,0,1.20868,4.96551,0.4469,6.62109
986,0,1.20998,4.97017,0.447272,6.62742
987,0,1.2111,4.97502,0.447684,6.63381
988,0,1.21221,4.97956,0.448033,6.6398
989,0,1.21317,4.98483,0.448317,6.64631
990,0,1.21398,4.98998,0.448612,6.65257
991,0,1.21511,4.9946,0.449088,6.65879
992,0,1.21625,4.99933,0.449412,6.66499
993,0,1.21744,5.00436,0.449868,6.67166
994,0,1.2184,5.00916,0.450143,6.6777
995,0,1.21957,5.01383,0.45045,6.68385
996,0,1.22103,5.01981,0.450859,6.6917
997,0,1.22236,5.0251,0.451018,6.69847
998,0,1.22357,5.03024,0.451362,6.70517
999,0,1.22469,5.03499,0.451677,6.71136
1000,0,1.22583,5.03963,0.452005,6.71747
1001,0,1.22665,5.04469,0.452226,6.72356
1002,0,1.23022,5.05857,0.455215,6.744
1003,0,1.23113,5.07768,0.45599,6.7648
1004,0,1.23205,5.08284,0.45649,6.77138
1005,0,1.23334,5.08774,0.456722,6.7778
1006,0,1.23472,5.09237,0.457332,6.78442
1007,0,1.23601,5.09756,0.457686,6.79126
1008,0,1.23704,5.10285,0.458061,6.79796
1009,0,1.23836,5.10775,0.458419,6.80453
1010,0,1.23967,5.11295,0.459039,6.81166
1011,0,1.24113,5.1176,0.459426,6.81815
1012,0,1.24343,5.12499,0.459938,6.82836
1013,0,1.24499,5.13059,0.460451,6.83603
1014,0,1.24672,5.13751,0.461137,6.84537
1015,0,1.24843,5.14495,0.461615,6.855
1016,0,1.24957,5.15103,0.462753,6.86335
1017,0,1.25078,5.15644,0.463101,6.87032
1018,0,1.25213,5.16117,0.463426,6.87672
1019,0,1.25334,5.16586,0.463817,6.88302
1020,0,1.25458,5.17092,0.464611,6.89012
1021,0,1.25587,5.17694,0.465107,6.89791
1022,0,1.25783,5.18197,0.465689,6.90549
1023,0,1.25894,5.18697,0.465963,6.91187
1024,0,1.26009,5.19208,0.466318,6.91849
1025,0,1.26145,5.19708,0.466761,6.92529
1026,0,1.26251,5.20197,0.467169,6.93164
1027,0,1.26374,5.20647,0.467483,6.93769
1028,0,1.26478,5.21121,0.467848,6.94383
1029,0,1.26562,5.21707,0.468243,6.95094
1030,0,1.2669,5.22205,0.468867,6.95782
1031,0,1.26813,5.22652,0.469269,6.96392
1032,0,1.26908,5.23094,0.469692,6.96971
1033,0,1.27044,5.236,0.469987,6.97643
1034,0,1.27271,5.24225,0.470443,6.9854
1035,0,1.27415,5.24711,0.470963,6.99222
1036,0,1.27546,5.25225,0.471408,6.99912
1037,0,1.27653,5.25686,0.471856,7.00524
1038,0,1.27741,5.26186,0.472206,7.01147
1039,0,1.27838,5.26698,0.472538,7.0179
1040,0,1.27971,5.27179,0.473197,7.02469
1041,0,1.28146,5.27717,0.473789,7.03241
1042,0,1.2842,5.29135,0.474021,7.04957
1043,0,1.28686,5.29807,0.477127,7.06206
1044,0,1.28757,5.30337,0.477438,7.06837
1045,0,1.28882,5.3079,0.477895,7.07462
1046,0,1.29,5.3131,0.478271,7.08138
1047,0,1.29135,5.31832,0.478734,7.08841
1048,0,1.29275,5.32353,0.479126,7.09541
1049,0,1.29406,5.3286,0.479428,7.10208
1050,0,1.29535,5.3337,0.479818,7.10887
1051,0,1.29753,5.34121,0.480575,7.11932
1052,0,1.29914,5.3477,0.480901,7.12775
1053,0,1.3007,5.35415,0.481446,7.13629
1054,0,1.30245,5.35999,0.481831,7.14427
1055,0,1.30391,5.36768,0.482631,7.15422
1056,0,1.30559,5.37307,0.48291,7.16157
1057,0,1.30704,5.37849,0.483439,7.16897
1058,0,1.30826,5.38327,0.483864,7.17539
1059,0,1.3094,5.38829,0.484173,7.18186
1060,0,1.31066,5.39335,0.484674,7.18868
1061,0,1.3115,5.39884,0.485021,7.19536
1062,0,1.31254,5.40407,0.48549,7.2021
1063,0,1.31332,5.40933,0.485692,7.20834
1064,0,1.31455,5.4143,0.486066,7.21492
1065,0,1.31563,5.41879,0.486388,7.22081
1066,0,1.31695,5.42582,0.486875,7.22964
1067,0,1.31841,5.43138,0.487259,7.23704
1068,0,1.31962,5.43675,0.48745,7.24382
1069,0,1.32039,5.44288,0.487681,7.25095
1070,0,1.3215,5.44775,0.48803,7.25728
1071,0,1.32273,5.45222,0.488476,7.26342
1072,0,1.32382,5.45698,0.488856,7.26965
1073,0,1.32522,5.46136,0.489207,7.27578
1074,0,1.32651,5.46609,0.489534,7.28213
1075,0,1.32784,5.47082,0.489825,7.28848
1076,0,1.32873,5.47593,0.490278,7.29494
1077,0,1.32975,5.48102,0.490574,7.30135
1078,0,1.331,5.48574,0.490967,7.30771
1079,0,1.33205,5.49045,0.491342,7.31385
1080,0,1.33332,5.4953,0.491649,7.32027
1081,0,1.33446,5.50031,0.491962,7.32674
1082,0,1.33567,5.50484,0.49228,7.33279
1083,0,1.33668,5.50945,0.492588,7.33872
1084,0,1.33766,5.5143,0.492981,7.34494
1085,0,1.33878,5.51963,0.493277,7.35168
1086,0,1.34003,5.52429,0.49365,7.35798
1087,0,1.3408,5.52962,0.494215,7.36463
1088,0,1.34219,5.53729,0.494641,7.37412
1089,0,1.3439,5.55006,0.502894,7.39685
1090,0,1.34613,5.55656,0.503418,7.40611
1091,0,1.34681,5.56202,0.504595,7.41342
1092,0,1.34771,5.56735,0.505082,7.42014
1093,0,1.34917,5.57252,0.50545,7.42714
1094,0,1.35058,5.57716,0.505938,7.43367
1095,0,1.35195,5.58214,0.506425,7.44051
1096,0,1.35339,5.58685,0.507051,7.44729
1097,0,1.35493,5.59224,0.507385,7.45455
1098,0,1.35628,5.59891,0.50791,7.4631
1099,0,1.35848,5.60462,0.508321,7.47142
1100,0,1.35956,5.61107,0.508667,7.4793
1101,0,1.36159,5.61636,0.508972,7.48693
1102,0,1.36302,5.62294,0.509638,7.4956
1103,0,1.3642,5.62847,0.510019,7.50269
1104,0,1.36566,5.6338,0.510352,7.50982
1105,0,1.36674,5.63833,0.510757,7.51583
1106,0,1.36829,5.6429,0.511195,7.52239
1107,0,1.36951,5.64765,0.51148,7.52864
1108,0,1.37079,5.6524,0.511953,7.53514
1109,0,1.37179,5.65808,0.512271,7.54214
1110,0,1.37307,5.66338,0.512683,7.54913
1111,0,1.3741,5.6682,0.513095,7.55539
1112,0,1.37515,5.67285,0.51339,7.56139
1113,0,1.37616,5.67844,0.513637,7.56824
1114,0,1.37724,5.68329,0.514021,7.57455
1115,0,1.37808,5.68853,0.514255,7.58087
1116,0,1.37926,5.69322,0.514654,7.58713
1117,0,1.38101,5.699,0.514965,7.59498
1118,0,1.38228,5.70471,0.515247,7.60223
1119,0,1.38348,5.71005,0.515622,7.60916
1120,0,1.38443,5.71573,0.515999,7.61616
1121,0,1.38554,5.72138,0.516269,7.62319
1122,0,1.38911,5.74435,0.516596,7.65006
1123,0,1.39152,5.7575,0.517452,7.66647
1124,0,1.39285,5.76246,0.5178,7.67311
1125,0,1.39414,5.76723,0.518046,7.67942
1126,0,1.39541,5.77233,0.518486,7.68622
1127,0,1.3967,5.7777,0.518795,7.6932
1128,0,1.39796,5.78297,0.519031,7.69996
1129,0,1.39902,5.7883,0.519344,7.70666
1130,0,1.40032,5.79333,0.519902,7.71355
1131,0,1.40287,5.79954,0.520774,7.72319
1132,0,1.40558,5.80493,0.521641,7.73215
1133,0,1.40726,5.81016,0.522103,7.73952
1134,0,1.40922,5.81598,0.522724,7.74792
1135,0,1.41046,5.82189,0.523017,7.75537
1136,0,1.41177,5.82733,0.5234,7.7625
1137,0,1.41294,5.83206,0.523684,7.76868
1138,0,1.41446,5.83644,0.524031,7.77493
1139,0,1.41542,5.8415,0.524388,7.78132
1140,0,1.41645,5.84664,0.524796,7.78789
1141,0,1.41759,5.85124,0.525212,7.79404
1142,0,1.41861,5.85625,0.525587,7.80045
1143,0,1.41982,5.86078,0.525905,7.8065
1144,0,1.42115,5.86547,0.526259,7.81288
1145,0,1.42214,5.87166,0.526687,7.82048
1146,0,1.42323,5.87983,0.527081,7.83015
1147,0,1.42458,5.88474,0.527477,7.8368
1148,0,1.4259,5.88951,0.527782,7.84319
1149,0,1.42744,5.89655,0.528058,7.85205
1150,0,1.42874,5.90245,0.528433,7.85962
1151,0,1.43021,5.90807,0.528779,7.86706
1152,0,1.43149,5.91359,0.529162,7.87424
1153,0,1.43499,5.92933,0.529662,7.89399
1154,0,1.43654,5.93857,0.530083,7.9052
1155,0,1.43733,5.94401,0.530709,7.91205
1156,0,1.43876,5.94907,0.531046,7.91887
1157,0,1.44008,5.95428,0.531429,7.92579
1158,0,1.44151,5.95927,0.532004,7.93279
1159,0,1.44307,5.96438,0.532805,7.94025
1160,0,1.44521,5.97072,0.533498,7.94943
1161,0,1.45043,5.97535,0.53387,7.95965
1162,0,1.45225,5.98089,0.534383,7.96752
1163,0,1.45368,5.98743,0.534681,7.97579
1164,0,1.45467,5.99564,0.535279,7.98559
1165,0,1.45607,6.00116,0.53557,7.9928
1166,0,1.45737,6.00645,0.535868,7.99968
1167,0,1.45854,6.01115,0.536142,8.00583
1168,0,1.45962,6.01575,0.536573,8.01194
1169,0,1.46091,6.02099,0.537032,8.01892
1170,0,1.46286,6.02491,0.537313,8.02508
1171,0,1.46392,6.02984,0.537575,8.03133
1172,0,1.46494,6.03515,0.537935,8.03803
1173,0,1.46628,6.0396,0.538255,8.04414
1174,0,1.46739,6.04433,0.538599,8.05032
1175,0,1.4685,6.04941,0.538907,8.05682
1176,0,1.46952,6.05421,0.539285,8.06302
1177,0,1.47075,6.05891,0.539616,8.06928
1178,0,1.47276,6.06578,0.540304,8.07884
1179,0,1.47403,6.07099,0.540674,8.08569
1180,0,1.4755,6.07744,0.541325,8.09427
1181,0,1.47712,6.08537,0.541756,8.10425
1182,0,1.47829,6.09299,0.542194,8.11348
1183,0,1.47952,6.09995,0.542616,8.12209
1184,0,1.4811,6.10792,0.543372,8.13239
1185,0,1.48276,6.1143,0.543781,8.14084
1186,0,1.48418,6.12138,0.544335,8.14989
1187,0,1.48608,6.1297,0.544706,8.16048
1188,0,1.48793,6.13461,0.545071,8.16761
1189,0,1.48922,6.14035,0.545447,8.17502
1190,0,1.49047,6.14496,0.545829,8.18125
1191,0,1.49158,6.14998,0.546165,8.18772
1192,0,1.49284,6.15507,0.546421,8.19433
1193,0,1.49407,6.15977,0.546748,8.20059
1194,0,1.49522,6.16473,0.547068,8.20701
1195,0,1.49641,6.16959,0.547523,8.21352
1196,0,1.49792,6.17411,0.547804,8.21983
1197,0,1.49901,6.1788,0.548072,8.22589
1198,0,1.50018,6.18393,0.548663,8.23277
1199,0,1.50133,6.18845,0.549039,8.23882
1200,0,1.50222,6.19373,0.549264,8.24522
1201,0,1.50333,6.19854,0.549476,8.25135
1202,0,1.50484,6.20343,0.549943,8.25821
1203,0,1.50609,6.20898,0.550343,8.26542
1204,0,1.50724,6.21382,0.550724,8.27179
1205,0,1.50838,6.21969,0.551235,8.2793
1206,0,1.50951,6.22421,0.551592,8.28531
1207,0,1.51072,6.22855,0.5521,8.29136
1208,0,1.51138,6.23355,0.552345,8.29728
1209,0,1.51245,6.23836,0.552792,8.3036
1210,0,1.51356,6.24346,0.553655,8.31068
1211,0,1.51453,6.24817,0.554251,8.31695
1212,0,1.51558,6.2528,0.554591,8.32297
1213,0,1.51668,6.25738,0.554947,8.32901
1214,0,1.51774,6.26214,0.555382,8.33526
1215,0,1.51894,6.26677,0.555692,8.3414
1216,0,1.51998,6.27192,0.556071,8.34797
1217,0,1.52115,6.27661,0.556484,8.35424
1218,0,1.5223,6.28128,0.556887,8.36047
1219,0,1.5231,6.28624,0.557398,8.36674
1220,0,1.52442,6.29126,0.557888,8.37358
1221,0,1.52567,6.29588,0.558163,8.37971
1222,0,1.52679,6.30025,0.55841,8.38544
1223,0,1.52811,6.30498,0.558952,8.39204
1224,0,1.52911,6.30956,0.55932,8.39799
1225,0,1.53022,6.31412,0.559723,8.40407
1226,0,1.53122,6.3191,0.560135,8.41046
1227,0,1.53218,6.32362,0.560534,8.41633
1228,0,1.53341,6.32895,0.561308,8.42367
1229,0,1.53508,6.33472,0.561635,8.43144
1230,0,1.53688,6.34067,0.561968,8.43951
1231,0,1.53876,6.3465,0.562441,8.4477
1232,0,1.54017,6.35266,0.563163,8.45599
1233,0,1.54399,6.35753,0.563439,8.46496
1234,0,1.54533,6.36233,0.563821,8.47148
1235,0,1.54683,6.36738,0.564149,8.47836
1236,0,1.548,6.37279,0.564421,8.48521
1237,0,1.54924,6.37755,0.564882,8.49167
1238,0,1.5506,6.38241,0.565169,8.49818
1239,0,1.55192,6.38805,0.565543,8.50552
1240,0,1.55299,6.39282,0.565753,8.51156
1241,0,1.55417,6.39729,0.56603,8.51749
1242,0,1.55523,6.40367,0.566417,8.52532
1243,0,1.55683,6.41049,0.567076,8.53439
1244,0,1.5587,6.41598,0.567386,8.54207
1245,0,1.56011,6.42202,0.567881,8.55002
1246,0,1.56163,6.42799,0.568423,8.55804
1247,0,1.56331,6.43389,0.568953,8.56615
1248,0,1.56492,6.44076,0.569461,8.57514
1249,0,1.56703,6.44585,0.570054,8.58293
1250,0,1.56838,6.4514,0.570308,8.59009
1251,0,1.56941,6.45601,0.57079,8.59621
1252,0,1.57063,6.46076,0.573271,8.60467
1253,0,1.57191,6.46515,0.573548,8.61061
1254,0,1.57316,6.46966,0.573893,8.61672
1255,0,1.57425,6.4743,0.574195,8.62274
1256,0,1.57571,6.47856,0.574443,8.62872
1257,0,1.5767,6.48291,0.574894,8.6345
1258,0,1.57757,6.48766,0.575338,8.64057
1259,0,1.57857,6.49211,0.575732,8.64642
1260,0,1.57932,6.49704,0.57614,8.6525
1261,0,1.58033,6.50162,0.576541,8.65848
1262,0,1.58125,6.50673,0.576921,8.6649
1263,0,1.58239,6.51177,0.577265,8.67142
1264,0,1.5836,6.5163,0.57747,8.67737
1265,0,1.58474,6.52085,0.577787,8.68338
1266,0,1.58596,6.52518,0.578234,8.68937
1267,0,1.58715,6.52936,0.578612,8.69512
1268,0,1.58827,6.53409,0.579117,8.70147
1269,0,1.58928,6.53882,0.579813,8.70791
1270,0,1.59053,6.54398,0.580272,8.71478
1271,0,1.59194,6.54883,0.580838,8.72161
1272,0,1.59315,6.55411,0.581123,8.72838
1273,0,1.59458,6.55833,0.581388,8.73429
1274,0,1.59553,6.56298,0.581709,8.74022
1275,0,1.59656,6.56753,0.582178,8.74626
1276,0,1.59751,6.57266,0.582549,8.75273
1277,0,1.59872,6.57701,0.582953,8.75868
1278,0,1.59974,6.58154,0.583407,8.76469
1279,0,1.6008,6.58629,0.583635,8.77073
1280,0,1.60176,6.59073,0.584068,8.77656
1281,0,1.60278,6.59551,0.584409,8.78269
1282,0,1.60355,6.60083,0.584809,8.78919
1283,0,1.60445,6.60583,0.584982,8.79526
1284,0,1.60555,6.61058,0.585154,8.80129
1285,0,1.60662,6.6152,0.585598,8.80741
1286,0,1.60767,6.61979,0.586146,8.81361
1287,0,1.60845,6.62452,0.587056,8.82003
1288,0,1.60961,6.62899,0.587423,8.82601
1289,0,1.61066,6.63365,0.587814,8.83212
1290,0,1.61185,6.63885,0.588022,8.83872
1291,0,1.61304,6.64403,0.588486,8.84555
1292,0,1.61439,6.64837,0.588834,8.8516
1293,0,1.61552,6.65312,0.589111,8.85775
1294,0,1.61691,6.66167,0.589368,8.86795
1295,0,1.61874,6.66804,0.589808,8.87658
1296,0,1.62016,6.67485,0.590193,8.8852
1297,0,1.62165,6.67997,0.590669,8.89228
1298,0,1.62301,6.68503,0.590988,8.89903
1299,0,1.62441,6.68966,0.591446,8.90551
1300,0,1.62562,6.69605,0.592552,8.91422
1301,0,1.62693,6.70121,0.592953,8.92109
1302,0,1.62808,6.70655,0.593409,8.92804
1303,0,1.6295,6.71118,0.593724,8.9344
1304,0,1.63053,6.71646,0.594102,8.94109
1305,0,1.63326,6.7244,0.596764,8.95442
1306,0,1.63446,6.73498,0.597082,8.96652
1307,0,1.6352,6.74202,0.597499,8.97472
1308,0,1.63583,6.74728,0.597701,8.98081
1309,0,1.63704,6.75232,0.597983,8.98734
1310,0,1.63833,6.75769,0.598382,8.9944
1311,0,1.63963,6.76313,0.598887,9.00165
1312,0,1.64114,6.76857,0.599419,9.00913
1313,0,1.64226,6.77408,0.599744,9.01608
1314,0,1.64347,6.77891,0.600028,9.02241
1315,0,1.64669,6.78594,0.600698,9.03332
1316,0,1.64824,6.79194,0.601289,9.04147
1317,0,1.64982,6.79714,0.60166,9.04862
1318,0,1.65067,6.80513,0.60271,9.05852
1319,0,1.65204,6.81073,0.603145,9.06591
1320,0,1.65333,6.81621,0.603583,9.07312
1321,0,1.65462,6.82111,0.603961,9.0797
1322,0,1.65564,6.82677,0.604402,9.08681
1323,0,1.65681,6.832,0.604712,9.09352
1324,0,1.65827,6.83693,0.605202,9.1004
1325,0,1.65935,6.84251,0.605641,9.1075
1326,0,1.66061,6.84745,0.605925,9.11399
1327,0,1.66185,6.85219,0.606114,9.12015
1328,0,1.66307,6.85736,0.606485,9.12691
1329,0,1.66413,6.86263,0.60687,9.13362
1330,0,1.66529,6.86717,0.607291,9.13975
1331,0,1.66618,6.87236,0.607647,9.14618
1332,0,1.66721,6.87707,0.608107,9.15239
1333,0,1.6684,6.88189,0.608485,9.15878
1334,0,1.67034,6.88826,0.608895,9.1675
1335,0,1.67177,6.89354,0.60932,9.17462
1336,0,1.67307,6.89854,0.609619,9.18123
1337,0,1.67419,6.90381,0.610024,9.18803
1338,0,1.67573,6.9092,0.610965,9.19589
1339,0,1.67753,6.92762,0.613071,9.21822
1340,0,1.67908,6.93276,0.613468,9.22531
1341,0,1.68018,6.93784,0.613862,9.23188
1342,0,1.68145,6.94341,0.614165,9.23903
1343,0,1.68281,6.94849,0.614751,9.24605
1344,0,1.68399,6.9538,0.615688,9.25348
1345,0,1.68511,6.95926,0.616251,9.26062
1346,0,1.68641,6.96433,0.616637,9.26738
1347,0,1.68774,6.96989,0.617212,9.27484
1348,0,1.68963,6.97873,0.617748,9.28611
1349,0,1.69087,6.98516,0.620549,9.29658
1350,0,1.69239,6.99096,0.620983,9.30433
1351,0,1.6939,6.99692,0.621286,9.31211
1352,0,1.69511,7.00503,0.6216,9.32173
1353,0,1.69606,7.01112,0.622886,9.33007
1354,0,1.69723,7.01696,0.623188,9.33738
1355,0,1.69808,7.02223,0.623545,9.34385
1356,0,1.69922,7.02676,0.623889,9.34986
1357,0,1.70025,7.03167,0.624249,9.35617
1358,0,1.70139,7.03661,0.624606,9.36261
1359,0,1.70255,7.04174,0.625011,9.3693
1360,0,1.70379,7.04626,0.625483,9.37553
1361,0,1.70489,7.05074,0.626371,9.382
1362,0,1.70604,7.05589,0.62677,9.3887
1363,0,1.70752,7.06161,0.627143,9.39628
1364,0,1.70854,7.06701,0.628215,9.40377
1365,0,1.70995,7.07249,0.629668,9.4121
1366,0,1.71121,7.07788,0.630062,9.41916
1367,0,1.71281,7.08438,0.630546,9.42774
1368,0,1.71627,7.09474,0.633486,9.4445
1369,0,1.71751,7.10226,0.634074,9.45384
1370,0,1.71833,7.10855,0.634911,9.46179
1371,0,1.71951,7.1136,0.635317,9.46843
1372,0,1.72051,7.11851,0.635602,9.47463
1373,0,1.72147,7.12357,0.63596,9.481
1374,0,1.72241,7.12966,0.636503,9.48858
1375,0,1.72388,7.13495,0.636965,9.4958
1376,0,1.72521,7.14,0.637443,9.50265
1377,0,1.72745,7.14786,0.638221,9.51353
1378,0,1.72909,7.15379,0.638757,9.52163
1379,0,1.73102,7.15922,0.63944,9.52968
1380,0,1.73315,7.16477,0.639901,9.53782
1381,0,1.73487,7.17061,0.640411,9.54589
1382,0,1.73588,7.17641,0.64094,9.55323
1383,0,1.73682,7.18122,0.641295,9.55933
1384,0,1.73758,7.1863,0.641679,9.56555
1385,0,1.73857,7.19131,0.642041,9.57192
1386,0,1.73948,7.19724,0.642419,9.57914
1387,0,1.74077,7.20169,0.642786,9.58524
1388,0,1.74195,7.20673,0.643389,9.59206
1389,0,1.743,7.21151,0.643822,9.59834
1390,0,1.74424,7.21622,0.644305,9.60476
1391,0,1.74538,7.2209,0.644793,9.61107
1392,0,1.74637,7.22563,0.645233,9.61723
1393,0,1.74746,7.23022,0.64564,9.62332
1394,0,1.74884,7.23579,0.646289,9.63091
1395,0,1.75025,7.24145,0.646797,9.6385
1396,0,1.75217,7.24625,0.647672,9.64609
1397,0,1.75311,7.25167,0.648167,9.65295
1398,0,1.75476,7.2577,0.648473,9.66093
1399,0,1.75568,7.26365,0.6492,9.66853
1400,0,1.75762,7.27063,0.652534,9.68078
1401,0,1.76089,7.27593,0.653132,9.68995
1402,0,1.76219,7.28146,0.653505,9.69716
1403,0,1.76363,7.28696,0.653994,9.70458
1404,0,1.7654,7.29268,0.654395,9.71247
1405,0,1.76728,7.29871,0.654678,9.72067
1406,0,1.76899,7.30572,0.655148,9.72985
1407,0,1.77118,7.31351,0.655619,9.74032
1408,0,1.77282,7.31872,0.656134,9.74768
1409,0,1.77423,7.32381,0.656496,9.75454
1410,0,1.77538,7.32832,0.656717,9.76042
1411,0,1.77667,7.33292,0.657223,9.76681
1412,0,1.77782,7.33767,0.657566,9.77306
1413,0,1.77884,7.34208,0.657983,9.7789
1414,0,1.78009,7.34658,0.658299,9.78496
1415,0,1.78094,7.35152,0.658638,9.7911
1416,0,1.78176,7.35656,0.658939,9.79726
1417,0,1.78271,7.3616,0.659186,9.8035
1418,0,1.78395,7.36605,0.65953,9.80953
1419,0,1.78489,7.37083,0.659751,9.81547
1420,0,1.78577,7.37605,0.660123,9.82195
1421,0,1.78669,7.38094,0.660535,9.82816
1422,0,1.78788,7.38522,0.660779,9.83389
1423,0,1.78867,7.39026,0.661521,9.84045
1424,0,1.78987,7.39515,0.661976,9.847
1425,0,1.79086,7.40014,0.662257,9.85325
1426,0,1.79203,7.40471,0.662522,9.85926
1427,0,1.79287,7.40979,0.662908,9.86557
1428,0,1.79375,7.41484,0.663111,9.8717
1429,0,1.79489,7.41927,0.663456,9.87761
1430,0,1.79603,7.42403,0.663703,9.88376
1431,0,1.79713,7.42857,0.664059,9.88976
1432,0,1.79825,7.43315,0.664511,9.89591
1433,0,1.79922,7.43844,0.665044,9.90271
1434,0,1.80009,7.44318,0.665428,9.9087
1435,0,1.801,7.44814,0.665925,9.91506
1436,0,1.80199,7.45268,0.666205,9.92087
1437,0,1.80261,7.45793,0.666576,9.92712
1438,0,1.80382,7.46243,0.666938,9.93318
1439,0,1.80486,7.46678,0.667239,9.93888
1440,0,1.80608,7.4713,0.667564,9.94494
1441,0,1.8072,7.47598,0.667974,9.95116
1442,0,1.80818,7.48068,0.66829,9.95715
1443,0,1.80925,7.48557,0.669044,9.96386
1444,0,1.81055,7.49001,0.669366,9.96993
1445,0,1.81174,7.49445,0.669703,9.97589
1446,0,1.81279,7.49903,0.670206,9.98203
1447,0,1.81395,7.50538,0.67069,9.99002
1448,0,1.81532,7.50965,0.671164,9.99614
1449,0,1.81619,7.51441,0.671804,10.0024
1450,0,1.8172,7.51916,0.672543,10.0089
1451,0,1.81836,7.52346,0.67297,10.0148
1452,0,1.8194,7.5281,0.673309,10.0208
1453,0,1.82042,7.53261,0.673714,10.0268
1454,0,1.82148,7.53787,0.674086,10.0334
1455,0,1.82237,7.54277,0.674418,10.0396
1456,0,1.82368,7.54759,0.674796,10.0461
1457,0,1.82462,7.5525,0.675198,10.0523
1458,0,1.82573,7.55667,0.675556,10.0579
1459,0,1.82665,7.56126,0.675884,10.0638
1460,0,1.82781,7.56596,0.676264,10.07
1461,0,1.82897,7.57082,0.677296,10.0771
1462,0,1.83003,7.57572,0.677633,10.0834
1463,0,1.83098,7.58181,0.677905,10.0907
1464,0,1.83183,7.58701,0.678324,10.0972
1465,0,1.83285,7.59203,0.678539,10.1034
1466,0,1.83487,7.59743,0.678832,10.1111
1467,0,1.83683,7.60282,0.679161,10.1188
1468,0,1.83848,7.60856,0.679547,10.1266
1469,0,1.83985,7.61403,0.679901,10.1338
1470,0,1.84087,7.6205,0.680237,10.1416
1471,0,1.84188,7.62568,0.680503,10.1481
1472,0,1.84323,7.63113,0.680787,10.1551
1473,0,1.84434,7.63624,0.681152,10.1617
1474,0,1.84505,7.64186,0.681439,10.1683
1475,0,1.84628,7.64676,0.681693,10.1747
1476,0,1.84719,7.65114,0.682015,10.1803
1477,0,1.84831,7.65561,0.682364,10.1863
1478,0,1.84943,7.66028,0.682632,10.1923
1479,0,1.85071,7.6649,0.68299,10.1986
1480,0,1.85188,7.6695,0.683358,10.2047
1481,0,1.85298,7.67418,0.683731,10.2109
1482,0,1.8539,7.67938,0.683973,10.2172
1483,0,1.85487,7.68431,0.68423,10.2234
1484,0,1.85595,7.69015,0.684626,10.2307
1485,0,1.85722,7.69529,0.684883,10.2374
1486,0,1.85828,7.7006,0.685219,10.2441
1487,0,1.85987,7.70486,0.685529,10.2503
1488,0,1.86086,7.70987,0.685898,10.2566
1489,0,1.86184,7.71492,0.686183,10.2629
1490,0,1.86293,7.71983,0.686566,10.2693
1491,0,1.86391,7.72499,0.68685,10.2757
1492,0,1.86512,7.72948,0.687157,10.2818
1493,0,1.86623,7.73396,0.687663,10.2879
1494,0,1.86739,7.7384,0.688073,10.2939
1495,0,1.86852,7.74282,0.688403,10.2997
1496,0,1.86955,7.74755,0.688701,10.3058
1497,0,1.87057,7.75228,0.688964,10.3118
1498,0,1.87163,7.75684,0.689239,10.3177
1499,0,1.87232,7.76205,0.689599,10.324
1500,0,1.87334,7.76667,0.689956,10.33
1501,0,1.87481,7.77173,0.69025,10.3368
1502,0,1.87609,7.7763,0.690871,10.3433
1503,0,1.87706,7.78145,0.691242,10.3498
1504,0,1.87799,7.78656,0.691533,10.3561
1505,0,1.87915,7.7915,0.691809,10.3625
1506,0,1.88015,7.79659,0.692223,10.369
1507,0,1.88087,7.80295,0.692913,10.3767
1508,0,1.88223,7.80764,0.69322,10.3831
1509,0,1.88355,7.81231,0.693637,10.3895
1510,0,1.88456,7.81717,0.693936,10.3957
1511,0,1.88552,7.82189,0.694245,10.4017
1512,0,1.88661,7.82643,0.694581,10.4076
1513,0,1.88769,7.83135,0.694945,10.414
1514,0,1.88894,7.83611,0.695441,10.4205
1515,0,1.89027,7.84056,0.695932,10.4268
1516,0,1.89151,7.84499,0.696284,10.4328
1517,0,1.89293,7.84947,0.696701,10.4391
1518,0,1.89452,7.85429,0.697045,10.4459
1519,0,1.89609,7.85973,0.697946,10.4538
1520,0,1.89804,7.86486,0.698452,10.4614
1521,0,1.89921,7.87073,0.698872,10.4688
1522,0,1.90064,7.87639,0.699302,10.4763
1523,0,1.90192,7.88151,0.699977,10.4834
1524,0,1.90319,7.8871,0.700412,10.4907
1525,0,1.90412,7.89276,0.700759,10.4976
1526,0,1.90526,7.89738,0.701185,10.5038
1527,0,1.90643,7.90227,0.701524,10.5102
1528,0,1.90762,7.90666,0.701873,10.5162
1529,0,1.90854,7.91158,0.702287,10.5224
1530,0,1.90962,7.9163,0.702743,10.5287
1531,0,1.91049,7.92186,0.70313,10.5355
1532,0,1.91135,7.92718,0.703478,10.542
1533,0,1.91255,7.93201,0.703898,10.5485
1534,0,1.91328,7.9371,0.704195,10.5546
1535,0,1.91459,7.94238,0.704542,10.5615
1536,0,1.91581,7.94684,0.70493,10.5676
1537,0,1.91685,7.95143,0.705189,10.5735
1538,0,1.91768,7.95706,0.705443,10.5802
1539,0,1.91845,7.96189,0.705834,10.5862
1540,0,1.91961,7.96667,0.706155,10.5924
1541,0,1.9207,7.97145,0.706546,10.5987
1542,0,1.9218,7.97614,0.706967,10.6049
1543,0,1.9226,7.98189,0.70747,10.612
1544,0,1.92399,7.98638,0.707812,10.6182
1545,0,1.92507,7.99145,0.708041,10.6246
1546,0,1.92629,7.99644,0.708422,10.6312
1547,0,1.92728,8.00099,0.708747,10.637
1548,0,1.92849,8.00559,0.709262,10.6433
1549,0,1.92991,8.00991,0.709719,10.6495
1550,0,1.93108,8.01477,0.710082,10.6559
1551,0,1.93213,8.01972,0.710451,10.6623
1552,0,1.93325,8.02443,0.710676,10.6684
1553,0,1.93428,8.02964,0.710942,10.6749
1554,0,1.93569,8.03404,0.711195,10.6809
1555,0,1.93677,8.03906,0.711542,10.6874
1556,0,1.93773,8.04401,0.711888,10.6936
1557,0,1.93907,8.04862,0.712334,10.7
1558,0,1.94011,8.05333,0.712637,10.7061
1559,0,1.94116,8.05786,0.713006,10.712
1560,0,1.94217,8.06259,0.713429,10.7182
1561,0,1.94302,8.06816,0.713835,10.725
1562,0,1.94422,8.07279,0.714275,10.7313
1563,0,1.94532,8.07754,0.714597,10.7375
1564,0,1.94647,8.08205,0.714903,10.7434
1565,0,1.94741,8.08736,0.715273,10.75
1566,0,1.94831,8.09283,0.715448,10.7566
1567,0,1.94927,8.09768,0.715784,10.7627
1568,0,1.9506,8.10281,0.71734,10.7708
1569,0,1.95151,8.1083,0.717742,10.7776
1570,0,1.95275,8.11292,0.718034,10.7837
1571,0,1.95407,8.1176,0.718244,10.7899
1572,0,1.95513,8.12227,0.718716,10.7961
1573,0,1.95633,8.12757,0.720578,10.8045
1574,0,1.95777,8.13173,0.721089,10.8106
1575,0,1.95889,8.13644,0.721514,10.8168
1576,0,1.96012,8.14109,0.721908,10.8231
1577,0,1.96105,8.14573,0.722156,10.8289
1578,0,1.96216,8.1505,0.722599,10.8353
1579,0,1.96337,8.15504,0.722947,10.8414
1580,0,1.9653,8.16135,0.72343,10.8501
1581,0,1.96648,8.16669,0.723875,10.857
1582,0,1.96751,8.17212,0.724129,10.8638
1583,0,1.96926,8.17999,0.724568,10.8738
1584,0,1.97017,8.18572,0.724982,10.8809
1585,0,1.97166,8.19084,0.72522,10.8877
1586,0,1.97249,8.19761,0.725763,10.8959
1587,0,1.97596,8.20125,0.726034,10.9032
1588,0,1.97716,8.20665,0.726436,10.9102
1589,0,1.97847,8.21205,0.726833,10.9174
1590,0,1.9796,8.21775,0.727288,10.9246
1591,0,1.98057,8.2233,0.727542,10.9314
1592,0,1.98181,8.22801,0.729057,10.9389
1593,0,1.98316,8.23239,0.72958,10.9451
1594,0,1.98407,8.23759,0.729908,10.9516
1595,0,1.98532,8.24223,0.730245,10.9578
1596,0,1.98655,8.24668,0.730539,10.9638
1597,0,1.98776,8.25111,0.730882,10.9698
1598,0,1.98918,8.25902,0.731134,10.9793
1599,0,1.99029,8.26466,0.731603,10.9866
1600,0,1.9911,8.27112,0.732135,10.9944
1601,0,1.99215,8.2763,0.732435,11.0009
1602,0,1.99327,8.28103,0.732845,11.0071
1603,0,1.99444,8.28597,0.73325,11.0137
1604,0,1.9956,8.29052,0.733719,11.0198
1605,0,1.9967,8.29515,0.734072,11.0259
1606,0,1.99784,8.30018,0.734547,11.0326
1607,0,1.99914,8.3051,0.734933,11.0392
1608,0,2.0002,8.31065,0.735391,11.0462
1609,0,2.00149,8.31567,0.73579,11.053
1610,0,2.00271,8.32038,0.736296,11.0594
1611,0,2.00388,8.32511,0.736636,11.0656
1612,0,2.00501,8.32966,0.737053,11.0717
1613,0,2.00613,8.33446,0.737301,11.0779
1614,0,2.00728,8.33943,0.737756,11.0845
1615,0,2.00833,8.34657,0.742128,11.097
1616,0,2.01363,8.35422,0.743382,11.1112
1617,0,2.01461,8.36043,0.746488,11.1215
1618,0,2.01761,8.36694,0.746836,11.1314
1619,0,2.01891,8.37281,0.747281,11.139
1620,0,2.02021,8.37774,0.747728,11.1457
1621,0,2.02141,8.38236,0.748127,11.1519
1622,0,2.0229,8.38708,0.748979,11.159
1623,0,2.02391,8.39252,0.74936,11.1658
1624,0,2.02522,8.39718,0.749665,11.1721
1625,0,2.02664,8.40225,0.750108,11.179
1626,0,2.02802,8.40693,0.750623,11.1856
1627,0,2.02946,8.41151,0.751275,11.1922
1628,0,2.03065,8.41961,0.751861,11.2021
1629,0,2.03194,8.42443,0.752322,11.2087
1630,0,2.03342,8.42884,0.752799,11.2151
1631,0,2.03494,8.43343,0.753366,11.2217
1632,0,2.03588,8.4392,0.753775,11.2289
1633,0,2.03733,8.44642,0.754525,11.2383
1634,0,2.03871,8.45141,0.755209,11.2453
1635,0,2.04044,8.45693,0.755517,11.2529
1636,0,2.04193,8.46229,0.756786,11.261
1637,0,2.04334,8.46713,0.757278,11.2677
1638,0,2.04473,8.4717,0.757671,11.2741
1639,0,2.04688,8.4759,0.75831,11.2811
1640,0,2.04812,8.48077,0.758534,11.2874
1641,0,2.0491,8.48652,0.758881,11.2945
1642,0,2.05063,8.49095,0.75948,11.3011
1643,0,2.05214,8.4963,0.759798,11.3082
1644,0,2.0536,8.50418,0.760438,11.3182
1645,0,2.05579,8.51117,0.762288,11.3292
1646,0,2.05931,8.52056,0.76363,11.3435
1647,0,2.0601,8.52489,0.764089,11.3491
1648,0,2.06193,8.53362,0.768613,11.3642
1649,0,2.06372,8.53899,0.769389,11.3721
1650,0,2.067,8.54807,0.769926,11.385
1651,0,2.06949,8.55605,0.770319,11.3959
1652,0,2.07127,8.56197,0.770677,11.4039
1653,0,2.07241,8.56815,0.771122,11.4117
1654,0,2.07387,8.5747,0.771639,11.4202
1655,0,2.07451,8.58029,0.772025,11.4268
1656,0,2.07576,8.58504,0.7723,11.4331
1657,0,2.07677,8.59016,0.772653,11.4396
1658,0,2.07759,8.59576,0.772896,11.4462
1659,0,2.07906,8.60058,0.773263,11.4529
1660,0,2.08029,8.60631,0.773642,11.4602
1661,0,2.08144,8.61243,0.773939,11.4678
1662,0,2.08251,8.61785,0.774413,11.4748
1663,0,2.08359,8.62287,0.775016,11.4815
1664,0,2.08427,8.62839,0.77546,11.4881
1665,0,2.08548,8.63328,0.776063,11.4948
1666,0,2.08662,8.63793,0.776405,11.501
1667,0,2.08772,8.64287,0.777717,11.5083
1668,0,2.08885,8.64792,0.778157,11.5149
1669,0,2.08984,8.65347,0.781065,11.5244
1670,0,2.09064,8.65843,0.781459,11.5305
1671,0,2.09155,8.66345,0.781715,11.5367
1672,0,2.09235,8.66933,0.782036,11.5437
1673,0,2.09333,8.6752,0.782441,11.551
1674,0,2.0949,8.67977,0.782909,11.5576
1675,0,2.09665,8.68637,0.783412,11.5664
1676,0,2.09798,8.69172,0.78381,11.5735
1677,0,2.09962,8.69947,0.784122,11.5832
1678,0,2.10094,8.70457,0.784402,11.5899
1679,0,2.10175,8.71009,0.784733,11.5966
1680,0,2.10325,8.716,0.785398,11.6047
1681,0,2.10447,8.72075,0.785786,11.611
1682,0,2.10545,8.72709,0.786303,11.6188
1683,0,2.10731,8.73254,0.78701,11.6269
1684,0,2.10935,8.73826,0.787733,11.6353
1685,0,2.11078,8.74436,0.788277,11.6434
1686,0,2.11211,8.75118,0.788761,11.652
1687,0,2.11414,8.7579,0.789188,11.6612
1688,0,2.11575,8.76276,0.789603,11.6681
1689,0,2.11733,8.76802,0.79008,11.6754
1690,0,2.11858,8.77256,0.790319,11.6815
1691,0,2.11973,8.77746,0.790635,11.6878
1692,0,2.12104,8.7826,0.79092,11.6946
1693,0,2.12195,8.78805,0.791336,11.7013
1694,0,2.12304,8.79273,0.791668,11.7074
1695,0,2.12387,8.79819,0.7919,11.714
1696,0,2.12486,8.80306,0.792112,11.72
1697,0,2.12579,8.8079,0.792386,11.7261
1698,0,2.12687,8.81263,0.792636,11.7321
1699,0,2.12777,8.81762,0.792953,11.7383
1700,0,2.12936,8.82281,0.793844,11.746
1701,0,2.13107,8.82783,0.794315,11.7532
1702,0,2.13239,8.83214,0.794797,11.7593
1703,0,2.13377,8.83661,0.795163,11.7655
1704,0,2.13468,8.84223,0.795455,11.7724
1705,0,2.13553,8.84713,0.79578,11.7784
1706,0,2.13629,8.8522,0.796094,11.7846
1707,0,2.13723,8.85658,0.796387,11.7902
1708,0,2.13844,8.86131,0.79673,11.7965
1709,0,2.13957,8.86596,0.797179,11.8027
1710,0,2.14062,8.87081,0.797429,11.8089
1711,0,2.14183,8.8756,0.797696,11.8151
1712,0,2.14336,8.87993,0.798026,11.8213
1713,0,2.1446,8.88464,0.798407,11.8276
1714,0,2.14578,8.88906,0.798651,11.8335
1715,0,2.14718,8.89399,0.798964,11.8401
1716,0,2.14831,8.89861,0.799343,11.8463
1717,0,2.14933,8.90327,0.799652,11.8522
1718,0,2.15024,8.90777,0.799999,11.858
1719,0,2.15094,8.91305,0.800357,11.8643
1720,0,2.15199,8.91786,0.800664,11.8705
1721,0,2.15296,8.92252,0.801104,11.8766
1722,0,2.15407,8.92704,0.801581,11.8827
1723,0,2.15497,8.93232,0.801897,11.8892
1724,0,2.15609,8.93759,0.802187,11.8959
1725,0,2.15737,8.94493,0.802485,11.9048
1726,0,2.15866,8.95008,0.80281,11.9115
1727,0,2.15978,8.95496,0.803023,11.9178
1728,0,2.16085,8.96037,0.803382,11.9246
1729,0,2.16161,8.9661,0.803718,11.9314
1730,0,2.16286,8.97081,0.804078,11.9378
1731,0,2.16387,8.97584,0.804315,11.944
1732,0,2.16492,8.9808,0.804824,11.9505
1733,0,2.16606,8.98556,0.805147,11.9568
1734,0,2.16719,8.99086,0.805563,11.9636
1735,0,2.1681,8.996,0.805861,11.97
1736,0,2.16901,9.00098,0.806162,11.9761
1737,0,2.17023,9.00601,0.806364,11.9826
1738,0,2.17128,9.0108,0.806812,11.9889
1739,0,2.17195,9.01626,0.807125,11.9953
1740,0,2.17313,9.02072,0.8076,12.0014
1741,0,2.17425,9.02555,0.808061,12.0079
1742,0,2.17517,9.03065,0.808341,12.0142
1743,0,2.17646,9.03488,0.808756,12.0201
1744,0,2.17752,9.03961,0.809309,12.0264
1745,0,2.17879,9.04438,0.809834,12.033
1746,0,2.1798,9.04955,0.810143,12.0395
1747,0,2.18096,9.05444,0.810517,12.0459
1748,0,2.18206,9.05959,0.810795,12.0524
1749,0,2.18332,9.0643,0.811077,12.0587
1750,0,2.18423,9.06913,0.811535,12.0649
1751,0,2.18548,9.07362,0.811946,12.071
1752,0,2.18653,9.0784,0.812276,12.0772
1753,0,2.18734,9.08361,0.812565,12.0835
1754,0,2.1881,9.08943,0.815071,12.0926
1755,0,2.18926,9.09439,0.81545,12.0991
1756,0,2.19007,9.09953,0.81566,12.1053
1757,0,2.19122,9.10427,0.816127,12.1116
1758,0,2.19211,9.10939,0.816891,12.1184
1759,0,2.19332,9.11399,0.817245,12.1246
1760,0,2.19413,9.11948,0.817712,12.1313
1761,0,2.19564,9.12407,0.818104,12.1378
1762,0,2.19671,9.12857,0.81834,12.1436
1763,0,2.19774,9.13395,0.818623,12.1503
1764,0,2.19847,9.13878,0.819011,12.1563
1765,0,2.19987,9.14318,0.819761,12.1628
1766,0,2.20098,9.14805,0.820097,12.1691
1767,0,2.20153,9.15406,0.820374,12.176
1768,0,2.20268,9.15873,0.820733,12.1822
1769,0,2.20392,9.16319,0.821278,12.1884
1770,0,2.20488,9.16765,0.821521,12.194
1771,0,2.20578,9.17234,0.821801,12.1999
1772,0,2.20703,9.17847,0.822278,12.2078
1773,0,2.20891,9.18366,0.822844,12.2154
1774,0,2.20973,9.18875,0.823539,12.222
1775,0,2.2107,9.19406,0.823814,12.2286
1776,0,2.21208,9.19864,0.82404,12.2348
1777,0,2.2131,9.20327,0.82441,12.2408
1778,0,2.21384,9.20914,0.824746,12.2477
1779,0,2.21509,9.21424,0.825044,12.2544
