iter,rank,ant_move_s,phen_sync_s,evaporation_s,total_s
1,3,0.00630516,0.0102162,0.00123425,0.0177556
2,3,0.00733283,0.0235126,0.00234192,0.0331873
3,3,0.00826046,0.0320419,0.00336072,0.0436631
4,3,0.00926894,0.0386751,0.00382386,0.0517679
5,3,0.0110617,0.044988,0.00441801,0.0604677
6,3,0.0125033,0.0508423,0.00489161,0.0682372
7,3,0.0140648,0.0559457,0.00556886,0.0755794
8,3,0.0156563,0.0621211,0.00607886,0.0838562
9,3,0.0170317,0.067685,0.00953025,0.094247
10,3,0.0218323,0.0737748,0.0101675,0.105775
11,3,0.0240107,0.0844146,0.0106702,0.119096
12,3,0.0251896,0.09075,0.0112646,0.127204
13,3,0.0263431,0.095982,0.0118088,0.134134
14,3,0.028125,0.102268,0.0125874,0.14298
15,3,0.0293476,0.107277,0.0131332,0.149758
16,3,0.0303635,0.113146,0.0135637,0.157073
17,3,0.0314501,0.118279,0.0139057,0.163635
18,3,0.0324973,0.123358,0.0143089,0.170165
19,3,0.0335931,0.128867,0.0147477,0.177207
20,3,0.0346709,0.133615,0.0151196,0.183405
21,3,0.0360039,0.13857,0.0155058,0.190079
22,3,0.0373045,0.14358,0.0162781,0.197162
23,3,0.0386387,0.148643,0.0165685,0.203851
24,3,0.0394846,0.153718,0.0172579,0.210461
25,3,0.0405986,0.158798,0.0180573,0.217454
26,3,0.0445595,0.163605,0.0183116,0.226476
27,3,0.0457491,0.16848,0.0189688,0.233198
28,3,0.0470832,0.173228,0.0193889,0.2397
29,3,0.0483085,0.178503,0.0198313,0.246643
30,3,0.0496552,0.183557,0.0202164,0.253429
31,3,0.0509022,0.188596,0.0206323,0.26013
32,3,0.0521798,0.193382,0.0211878,0.266749
33,3,0.0534835,0.198398,0.0215927,0.273475
34,3,0.0546572,0.203684,0.022019,0.28036
35,3,0.055754,0.209753,0.022746,0.288253
36,3,0.0566516,0.215026,0.0230577,0.294735
37,3,0.057969,0.219908,0.0234578,0.301335
38,3,0.05929,0.224768,0.0239098,0.307968
39,3,0.0605978,0.229231,0.0243007,0.314129
40,3,0.0618793,0.233827,0.0247901,0.320497
41,3,0.0632096,0.238494,0.0251573,0.326861
42,3,0.0643556,0.243357,0.0255713,0.333284
43,3,0.0656572,0.248222,0.026071,0.339951
44,3,0.0669751,0.252959,0.0265537,0.346488
45,3,0.0680741,0.257872,0.0268657,0.352812
46,3,0.0693118,0.262291,0.0272826,0.358885
47,3,0.0705527,0.26697,0.0277132,0.365235
48,3,0.0715491,0.271613,0.0280661,0.371229
49,3,0.0734844,0.275136,0.0285809,0.377202
50,3,0.0746751,0.279868,0.028838,0.383382
51,3,0.0758824,0.284366,0.0292111,0.38946
52,3,0.0771725,0.288973,0.0304283,0.396574
53,3,0.0785676,0.293332,0.0308613,0.402761
54,3,0.0796858,0.297978,0.031397,0.409061
55,3,0.0807493,0.302414,0.0318943,0.415058
56,3,0.0818128,0.306755,0.0324987,0.421066
57,3,0.0830772,0.311699,0.0328698,0.427646
58,3,0.0842892,0.316568,0.0331176,0.433974
59,3,0.0854948,0.321339,0.033804,0.440638
60,3,0.0886076,0.32502,0.0342306,0.447859
61,3,0.0900812,0.329586,0.0344292,0.454096
62,3,0.0913017,0.333981,0.0347382,0.460021
63,3,0.0926223,0.338902,0.0351572,0.466682
64,3,0.093718,0.343579,0.0354604,0.472757
65,3,0.0946299,0.348031,0.0358541,0.478515
66,3,0.0957667,0.353175,0.0362451,0.485186
67,3,0.0968064,0.357788,0.0366484,0.491243
68,3,0.0979351,0.363046,0.0383807,0.499362
69,3,0.0992151,0.367537,0.0387488,0.505501
70,3,0.10021,0.372004,0.0391897,0.511404
71,3,0.101322,0.376785,0.0397787,0.517887
72,3,0.10257,0.381057,0.0400726,0.5237
73,3,0.103678,0.385575,0.0404668,0.529719
74,3,0.104841,0.389879,0.0408822,0.535602
75,3,0.105963,0.394177,0.0413454,0.541486
76,3,0.107247,0.398656,0.0416663,0.547569
77,3,0.108332,0.403567,0.0421018,0.554
78,3,0.109595,0.40868,0.0425377,0.560813
79,3,0.110672,0.413488,0.0428461,0.567006
80,3,0.111965,0.417591,0.0432639,0.57282
81,3,0.113306,0.421945,0.0436179,0.578869
82,3,0.115767,0.425161,0.0440528,0.58498
83,3,0.117023,0.429445,0.0444822,0.59095
84,3,0.118075,0.433766,0.0448726,0.596713
85,3,0.11922,0.43837,0.0451667,0.602757
86,3,0.120398,0.443162,0.0455445,0.609104
87,3,0.121609,0.448018,0.0458787,0.615505
88,3,0.122784,0.452558,0.0462899,0.621632
89,3,0.123972,0.457215,0.0466667,0.627854
90,3,0.125167,0.461498,0.0469456,0.633611
91,3,0.126404,0.466399,0.0473289,0.640132
92,3,0.127573,0.471236,0.0478245,0.646634
93,3,0.128825,0.475502,0.0492702,0.653598
94,3,0.130101,0.480408,0.0496513,0.66016
95,3,0.131152,0.485347,0.0499329,0.666431
96,3,0.132162,0.489881,0.0503923,0.672434
97,3,0.133362,0.49418,0.0508935,0.678435
98,3,0.13467,0.498947,0.0513224,0.68494
99,3,0.13584,0.503555,0.0517828,0.691178
100,3,0.137024,0.508145,0.0521912,0.69736
101,3,0.138218,0.513019,0.0525995,0.703836
102,3,0.139311,0.517604,0.0529033,0.709818
103,3,0.140364,0.522057,0.0532785,0.7157
104,3,0.141557,0.526324,0.0536727,0.721554
105,3,0.142914,0.530631,0.0539735,0.727518
106,3,0.144079,0.535156,0.0543302,0.733566
107,3,0.145341,0.540027,0.0545778,0.739946
108,3,0.146547,0.544664,0.0551091,0.74632
109,3,0.147739,0.549472,0.0553987,0.75261
110,3,0.149044,0.553858,0.055655,0.758557
111,3,0.15021,0.558385,0.0559476,0.764543
112,3,0.151341,0.563117,0.0562755,0.770734
113,3,0.152365,0.567635,0.0566883,0.776687
114,3,0.153247,0.572218,0.0570715,0.782537
115,3,0.154357,0.576714,0.0575098,0.788581
116,3,0.155647,0.580986,0.0577971,0.79443
117,3,0.156727,0.585638,0.0582545,0.800619
118,3,0.157998,0.589989,0.0585611,0.806548
119,3,0.158945,0.595039,0.0589853,0.812969
120,3,0.160268,0.600292,0.059333,0.819893
121,3,0.161611,0.605016,0.0597882,0.826415
122,3,0.162842,0.609817,0.0601081,0.832767
123,3,0.164004,0.614554,0.0604694,0.839027
124,3,0.165041,0.619519,0.060818,0.845378
125,3,0.166151,0.624201,0.0611044,0.851456
126,3,0.167195,0.628642,0.0614341,0.857271
127,3,0.168402,0.633041,0.0619363,0.863379
128,3,0.169485,0.637914,0.0622936,0.869693
129,3,0.170644,0.642401,0.0626323,0.875677
130,3,0.171693,0.647141,0.0630633,0.881897
131,3,0.172857,0.65206,0.0634481,0.888365
132,3,0.174059,0.656331,0.063844,0.894234
133,3,0.174933,0.661304,0.0641576,0.900395
134,3,0.176083,0.666165,0.0646286,0.906876
135,3,0.178633,0.670644,0.0652772,0.914554
136,3,0.179718,0.675862,0.0657535,0.921334
137,3,0.180717,0.680433,0.0661161,0.927266
138,3,0.181715,0.684901,0.0665327,0.933149
139,3,0.182893,0.68999,0.0669183,0.939801
140,3,0.184228,0.694602,0.0673453,0.946175
141,3,0.185518,0.698779,0.0678253,0.952123
142,3,0.186594,0.703595,0.0681014,0.958291
143,3,0.187758,0.708475,0.0683914,0.964624
144,3,0.188924,0.713129,0.0688698,0.970923
145,3,0.190104,0.717841,0.0692146,0.97716
146,3,0.191545,0.722391,0.0696064,0.983542
147,3,0.192927,0.72688,0.069868,0.989675
148,3,0.19412,0.731375,0.0701307,0.995625
149,3,0.195388,0.735662,0.070558,1.00161
150,3,0.196562,0.740238,0.0709948,1.00779
151,3,0.197703,0.745149,0.0713265,1.01418
152,3,0.198789,0.749948,0.0716175,1.02036
153,3,0.199813,0.754569,0.0719225,1.0263
154,3,0.200909,0.759234,0.0724056,1.03255
155,3,0.202163,0.763854,0.0728564,1.03887
156,3,0.203386,0.768488,0.0731184,1.04499
157,3,0.204556,0.773127,0.0735394,1.05122
158,3,0.207325,0.777232,0.0740165,1.05857
159,3,0.20857,0.781919,0.0744416,1.06493
160,3,0.209831,0.786208,0.0748834,1.07092
161,3,0.211253,0.790932,0.0753442,1.07753
162,3,0.212424,0.795089,0.0756874,1.0832
163,3,0.213596,0.799764,0.0760303,1.08939
164,3,0.214802,0.80415,0.0763207,1.09527
165,3,0.216098,0.808898,0.0766124,1.10161
166,3,0.217291,0.813849,0.0769099,1.10805
167,3,0.21851,0.818374,0.0772811,1.11417
168,3,0.220889,0.821577,0.0777368,1.1202
169,3,0.222213,0.825924,0.0781949,1.12633
170,3,0.223394,0.830419,0.0785694,1.13238
171,3,0.225591,0.833866,0.0790104,1.13847
172,3,0.226817,0.838711,0.0793571,1.14489
173,3,0.227977,0.843164,0.0797785,1.15092
174,3,0.228936,0.847644,0.0801109,1.15669
175,3,0.229887,0.852181,0.0805978,1.16267
176,3,0.231018,0.856839,0.0813693,1.16923
177,3,0.232344,0.861348,0.0816874,1.17538
178,3,0.233642,0.866154,0.0820892,1.18189
179,3,0.234749,0.870963,0.0824119,1.18812
180,3,0.236034,0.87581,0.0829123,1.19476
181,3,0.236992,0.88169,0.0832522,1.20193
182,3,0.237915,0.886837,0.0834956,1.20825
183,3,0.239085,0.891661,0.0837424,1.21449
184,3,0.240224,0.896639,0.084006,1.22087
185,3,0.24147,0.903539,0.084522,1.22953
186,3,0.242556,0.908158,0.0850076,1.23572
187,3,0.243822,0.912521,0.0852727,1.24162
188,3,0.245017,0.91708,0.0857368,1.24783
189,3,0.246044,0.921703,0.086115,1.25386
190,3,0.247239,0.926579,0.0863635,1.26018
191,3,0.248225,0.931109,0.0868277,1.26616
192,3,0.24945,0.935466,0.0872666,1.27218
193,3,0.250555,0.940062,0.0875221,1.27814
194,3,0.251695,0.944458,0.0878415,1.28399
195,3,0.252746,0.948917,0.0882769,1.28994
196,3,0.253698,0.954017,0.0884783,1.29619
197,3,0.254899,0.958497,0.0888579,1.30225
198,3,0.255944,0.963104,0.089177,1.30822
199,3,0.256956,0.967837,0.0895512,1.31434
200,3,0.258063,0.972152,0.0898952,1.32011
201,3,0.259281,0.976598,0.0903494,1.32623
202,3,0.260511,0.981254,0.0906907,1.33246
203,3,0.261462,0.986664,0.0912309,1.33936
204,3,0.262692,0.991281,0.0916698,1.34564
205,3,0.263915,0.995664,0.0920076,1.35159
206,3,0.265018,1.00024,0.0923843,1.35764
207,3,0.266014,1.00535,0.0928356,1.3642
208,3,0.267023,1.00989,0.0932875,1.3702
209,3,0.268217,1.01448,0.0938113,1.37651
210,3,0.269471,1.01904,0.0943061,1.38282
211,3,0.271105,1.02383,0.0949388,1.38987
212,3,0.272312,1.02804,0.0953199,1.39568
213,3,0.273843,1.03224,0.0957413,1.40183
214,3,0.275517,1.03655,0.0960795,1.40814
215,3,0.27675,1.04102,0.0965245,1.4143
216,3,0.277976,1.04546,0.0969327,1.42037
217,3,0.279076,1.05029,0.0971775,1.42654
218,3,0.280268,1.05476,0.0975122,1.43254
219,3,0.281399,1.05975,0.097832,1.43898
220,3,0.282522,1.06449,0.0981738,1.44518
221,3,0.283692,1.06892,0.0985838,1.45119
222,3,0.284727,1.07376,0.0994611,1.45795
223,3,0.285992,1.07806,0.0998603,1.46391
224,3,0.287188,1.08313,0.100207,1.47053
225,3,0.288432,1.08803,0.100577,1.47704
226,3,0.28969,1.0926,0.101024,1.48332
227,3,0.29083,1.09739,0.101619,1.48984
228,3,0.291977,1.10206,0.101975,1.49601
229,3,0.293147,1.10666,0.102383,1.50219
230,3,0.294398,1.11157,0.102779,1.50875
231,3,0.295567,1.11587,0.103275,1.51471
232,3,0.296737,1.12042,0.103609,1.52076
233,3,0.297899,1.12521,0.104025,1.52714
234,3,0.298942,1.13005,0.104496,1.53348
235,3,0.300093,1.1345,0.104865,1.53945
236,3,0.301149,1.13905,0.105319,1.54552
237,3,0.302307,1.14354,0.105717,1.55156
238,3,0.303418,1.14825,0.106229,1.5579
239,3,0.304673,1.15286,0.10672,1.56425
240,3,0.30573,1.158,0.107164,1.57089
241,3,0.307057,1.16241,0.107573,1.57704
242,3,0.308576,1.16849,0.107876,1.58494
243,3,0.310373,1.17437,0.10851,1.59325
244,3,0.311737,1.17908,0.108962,1.59978
245,3,0.31292,1.18384,0.109188,1.60595
246,3,0.313951,1.18839,0.109614,1.61195
247,3,0.315229,1.19276,0.109961,1.61795
248,3,0.316636,1.1975,0.110425,1.62456
249,3,0.317583,1.20257,0.110841,1.631
250,3,0.318716,1.20723,0.111378,1.63732
251,3,0.320108,1.2126,0.111918,1.64463
252,3,0.321219,1.21715,0.112411,1.65078
253,3,0.322586,1.22154,0.112772,1.65689
254,3,0.323745,1.22664,0.113159,1.66354
255,3,0.32493,1.23114,0.113548,1.66962
256,3,0.326077,1.23555,0.1139,1.67553
257,3,0.327225,1.2402,0.114294,1.68172
258,3,0.328433,1.24521,0.114653,1.6883
259,3,0.329686,1.25009,0.115016,1.69479
260,3,0.330835,1.25459,0.115416,1.70084
261,3,0.331964,1.25901,0.115834,1.70681
262,3,0.333194,1.26364,0.116205,1.71304
263,3,0.334344,1.26842,0.11646,1.71922
264,3,0.335365,1.2735,0.116816,1.72568
265,3,0.336309,1.27901,0.117061,1.73238
266,3,0.337239,1.2841,0.117549,1.73888
267,3,0.338466,1.2889,0.117758,1.74513
268,3,0.339527,1.2936,0.118114,1.75124
269,3,0.340408,1.29846,0.119695,1.75857
270,3,0.341512,1.30287,0.120115,1.7645
271,3,0.342432,1.3074,0.120494,1.77033
272,3,0.343514,1.31233,0.120927,1.77677
273,3,0.345087,1.31726,0.121545,1.78389
274,3,0.346323,1.32293,0.122083,1.79134
275,3,0.34795,1.32775,0.122661,1.79836
276,3,0.349237,1.33212,0.123138,1.80449
277,3,0.350385,1.33659,0.123589,1.81056
278,3,0.351743,1.34068,0.124024,1.81645
279,3,0.352954,1.34559,0.124277,1.82282
280,3,0.354013,1.35049,0.124552,1.82905
281,3,0.355294,1.35472,0.12503,1.83505
282,3,0.356331,1.35941,0.125319,1.84106
283,3,0.357567,1.36416,0.125657,1.84738
284,3,0.358862,1.36849,0.12605,1.8534
285,3,0.360142,1.37285,0.126379,1.85937
286,3,0.361263,1.37716,0.126766,1.86518
287,3,0.362346,1.38174,0.127277,1.87137
288,3,0.36339,1.38626,0.127743,1.8774
289,3,0.364512,1.39119,0.128109,1.88381
290,3,0.365474,1.39566,0.128494,1.88963
291,3,0.366526,1.40023,0.128943,1.8957
292,3,0.367381,1.40513,0.129212,1.90172
293,3,0.368386,1.40974,0.12961,1.90773
294,3,0.36963,1.41469,0.12999,1.91431
295,3,0.370708,1.4194,0.130474,1.92058
296,3,0.371777,1.42389,0.130876,1.92654
297,3,0.372879,1.42881,0.131147,1.93283
298,3,0.374031,1.43366,0.131472,1.93916
299,3,0.375477,1.43806,0.131787,1.94532
300,3,0.376645,1.44278,0.132105,1.95153
301,3,0.377896,1.44711,0.132604,1.95761
302,3,0.378977,1.45166,0.133021,1.96366
303,3,0.380087,1.4566,0.133326,1.97002
304,3,0.38121,1.46142,0.133704,1.97634
305,3,0.382368,1.46634,0.134236,1.98294
306,3,0.383679,1.47147,0.134677,1.98983
307,3,0.384949,1.47609,0.134985,1.99603
308,3,0.386122,1.48122,0.135346,2.00269
309,3,0.387328,1.48671,0.135721,2.00976
310,3,0.38856,1.49165,0.136239,2.01645
311,3,0.38972,1.49642,0.136606,2.02275
312,3,0.390862,1.50149,0.136974,2.02933
313,3,0.392089,1.50588,0.137409,2.03538
314,3,0.393237,1.51093,0.137916,2.04209
315,3,0.394473,1.51531,0.13831,2.04809
316,3,0.395673,1.51992,0.138759,2.05435
317,3,0.396747,1.52462,0.13908,2.06045
318,3,0.398064,1.52907,0.139631,2.06677
319,3,0.399256,1.53353,0.140132,2.07292
320,3,0.400568,1.53784,0.140383,2.07879
321,3,0.401532,1.54288,0.140823,2.08523
322,3,0.402738,1.54752,0.141214,2.09147
323,3,0.403773,1.55211,0.141689,2.09757
324,3,0.404977,1.55663,0.142094,2.1037
325,3,0.406151,1.56115,0.142506,2.10981
326,3,0.407181,1.56561,0.142918,2.11571
327,3,0.408233,1.57023,0.143404,2.12187
328,3,0.409376,1.57474,0.143755,2.12787
329,3,0.410586,1.57965,0.14419,2.13442
330,3,0.411655,1.58482,0.144678,2.14116
331,3,0.412977,1.58935,0.14509,2.14742
332,3,0.41417,1.59381,0.145502,2.15349
333,3,0.415318,1.59824,0.145854,2.15942
334,3,0.416551,1.60271,0.146407,2.16567
335,3,0.417873,1.60778,0.1468,2.17246
336,3,0.419035,1.61229,0.147329,2.17866
337,3,0.420217,1.61687,0.147715,2.1848
338,3,0.421548,1.62141,0.148152,2.19111
339,3,0.42287,1.62691,0.148918,2.1987
340,3,0.423963,1.63164,0.149178,2.20478
341,3,0.425227,1.63604,0.149592,2.21086
342,3,0.426293,1.64058,0.149997,2.21687
343,3,0.427466,1.64528,0.150479,2.22323
344,3,0.428594,1.65049,0.150845,2.22993
345,3,0.429662,1.65515,0.15125,2.23606
346,3,0.430923,1.66003,0.151653,2.24261
347,3,0.431935,1.6648,0.152092,2.24883
348,3,0.433091,1.66957,0.152396,2.25506
349,3,0.434022,1.67409,0.152651,2.26076
350,3,0.435068,1.67843,0.15309,2.26658
351,3,0.436218,1.6832,0.153508,2.27293
352,3,0.437368,1.68772,0.153864,2.27895
353,3,0.438541,1.69233,0.154209,2.28508
354,3,0.439677,1.69665,0.154572,2.2909
355,3,0.440814,1.70145,0.154881,2.29714
356,3,0.442022,1.70635,0.155254,2.30363
357,3,0.443355,1.71358,0.155614,2.31255
358,3,0.444473,1.71852,0.155988,2.31898
359,3,0.445368,1.72391,0.156277,2.32555
360,3,0.446544,1.72845,0.156667,2.33166
361,3,0.447604,1.73347,0.157113,2.33818
362,3,0.448915,1.73752,0.157418,2.34385
363,3,0.450193,1.74211,0.157867,2.35017
364,3,0.45166,1.74626,0.158215,2.35613
365,3,0.452907,1.75157,0.158565,2.36304
366,3,0.454036,1.75621,0.158855,2.3691
367,3,0.455253,1.76097,0.159321,2.37554
368,3,0.456516,1.76601,0.159733,2.38226
369,3,0.457733,1.77064,0.160244,2.38862
370,3,0.45903,1.7752,0.160655,2.39489
371,3,0.460355,1.77954,0.161082,2.40098
372,3,0.461848,1.7842,0.161455,2.4075
373,3,0.463133,1.78859,0.161722,2.41345
374,3,0.464388,1.79299,0.162152,2.41953
375,3,0.465647,1.79796,0.162542,2.42615
376,3,0.466927,1.80236,0.163005,2.43229
377,3,0.46809,1.80719,0.163729,2.43901
378,3,0.469322,1.81182,0.164002,2.44515
379,3,0.4706,1.81678,0.164428,2.45181
380,3,0.471825,1.82162,0.164704,2.45815
381,3,0.472756,1.82631,0.165018,2.46409
382,3,0.473926,1.83081,0.165497,2.47023
383,3,0.475062,1.8352,0.165848,2.47611
384,3,0.47622,1.83983,0.166127,2.48218
385,3,0.477523,1.84476,0.166534,2.48881
386,3,0.478744,1.84933,0.167079,2.49516
387,3,0.479804,1.85419,0.167475,2.50147
388,3,0.480895,1.85893,0.167802,2.50763
389,3,0.481736,1.86417,0.168231,2.51413
390,3,0.482795,1.86892,0.168549,2.52027
391,3,0.484023,1.87354,0.168861,2.52642
392,3,0.485209,1.87784,0.16921,2.53225
393,3,0.486517,1.88215,0.169561,2.53822
394,3,0.488237,1.88653,0.169887,2.54466
395,3,0.4895,1.89083,0.170236,2.55056
396,3,0.490824,1.89518,0.170655,2.55666
397,3,0.492054,1.89997,0.171184,2.5632
398,3,0.493138,1.90503,0.171378,2.56955
399,3,0.494706,1.911,0.171585,2.57729
400,3,0.496257,1.91705,0.172641,2.58595
401,3,0.497354,1.92241,0.173144,2.59291
402,3,0.498676,1.92785,0.174146,2.60067
403,3,0.500223,1.93335,0.174704,2.60828
404,3,0.501902,1.93891,0.175174,2.61599
405,3,0.504458,1.94317,0.175652,2.62328
406,3,0.505781,1.94847,0.176181,2.63043
407,3,0.507161,1.95338,0.176441,2.63699
408,3,0.508468,1.95883,0.176801,2.6441
409,3,0.509715,1.96384,0.178219,2.65177
410,3,0.51095,1.96993,0.178638,2.65952
411,3,0.512625,1.97498,0.179111,2.66671
412,3,0.513886,1.97928,0.179431,2.67259
413,3,0.515117,1.98376,0.179811,2.67869
414,3,0.516252,1.98841,0.180079,2.68474
415,3,0.517617,1.99293,0.180433,2.69098
416,3,0.519054,1.99861,0.180929,2.6986
417,3,0.520039,2.00592,0.181503,2.70746
418,3,0.521219,2.01121,0.181743,2.71417
419,3,0.522784,2.01673,0.182156,2.72167
420,3,0.523898,2.02251,0.182488,2.7289
421,3,0.525039,2.02866,0.183907,2.7376
422,3,0.52657,2.03325,0.184337,2.74416
423,3,0.528299,2.03846,0.184678,2.75144
424,3,0.529963,2.04362,0.185252,2.75883
425,3,0.531714,2.04893,0.185771,2.76641
426,3,0.533084,2.05492,0.186128,2.77413
427,3,0.534929,2.05926,0.186473,2.78066
428,3,0.536183,2.06427,0.186922,2.78737
429,3,0.53767,2.06951,0.187409,2.79458
430,3,0.539176,2.07472,0.187848,2.80174
431,3,0.540284,2.08006,0.188032,2.80838
432,3,0.541645,2.08569,0.188299,2.81563
433,3,0.54292,2.09116,0.188725,2.82281
434,3,0.544011,2.096,0.189042,2.82905
435,3,0.545267,2.10101,0.189459,2.83573
436,3,0.546225,2.10615,0.189803,2.84218
437,3,0.547652,2.11098,0.190278,2.84891
438,3,0.54889,2.11608,0.190848,2.85582
439,3,0.550331,2.12105,0.19121,2.8626
440,3,0.551547,2.1259,0.191931,2.86938
441,3,0.552749,2.13044,0.192253,2.87544
442,3,0.553808,2.13507,0.192571,2.88145
443,3,0.554997,2.1396,0.193028,2.88763
444,3,0.556359,2.14376,0.193381,2.8935
445,3,0.5575,2.14814,0.193715,2.89935
446,3,0.558884,2.15246,0.194038,2.90538
447,3,0.560085,2.15679,0.194356,2.91123
448,3,0.561213,2.16161,0.194722,2.91754
449,3,0.562406,2.16615,0.195061,2.92362
450,3,0.563642,2.17056,0.195418,2.92962
451,3,0.564733,2.17512,0.195836,2.93569
452,3,0.565937,2.17975,0.19633,2.94202
453,3,0.567067,2.18447,0.196637,2.94817
454,3,0.568308,2.18932,0.196944,2.95457
455,3,0.569636,2.19351,0.197327,2.96047
456,3,0.570863,2.19883,0.197653,2.96735
457,3,0.572166,2.20361,0.198117,2.9739
458,3,0.57349,2.21061,0.198621,2.98272
459,3,0.574695,2.21565,0.19913,2.98948
460,3,0.575958,2.22018,0.199492,2.99564
461,3,0.577364,2.22522,0.200016,3.0026
462,3,0.578474,2.23027,0.200345,3.00909
463,3,0.579737,2.2351,0.200916,3.01575
464,3,0.581136,2.23974,0.201211,3.02208
465,3,0.582369,2.2445,0.201623,3.02849
466,3,0.583433,2.24942,0.202056,3.03491
467,3,0.5847,2.25371,0.20244,3.04085
468,3,0.585753,2.25835,0.202892,3.04699
469,3,0.587198,2.26328,0.203256,3.05373
470,3,0.589005,2.27112,0.203805,3.06393
471,3,0.590561,2.27659,0.20444,3.07159
472,3,0.591735,2.28242,0.204832,3.07899
473,3,0.592642,2.28739,0.205349,3.08538
474,3,0.593917,2.29202,0.205883,3.09182
475,3,0.59507,2.29671,0.206194,3.09797
476,3,0.596372,2.30131,0.206622,3.1043
477,3,0.597516,2.30558,0.206956,3.11005
478,3,0.598642,2.31031,0.20729,3.11625
479,3,0.599782,2.31494,0.207614,3.12233
480,3,0.600961,2.31922,0.208006,3.12819
481,3,0.602062,2.32351,0.208705,3.13427
482,3,0.603454,2.3279,0.209221,3.14058
483,3,0.604754,2.33219,0.209546,3.14649
484,3,0.605898,2.33659,0.209907,3.1524
485,3,0.607251,2.34105,0.210316,3.15862
486,3,0.608604,2.34752,0.210725,3.16685
487,3,0.610233,2.35269,0.211327,3.17425
488,3,0.611495,2.35703,0.211663,3.18019
489,3,0.61289,2.36184,0.212008,3.18674
490,3,0.614435,2.36671,0.212555,3.1937
491,3,0.615972,2.37073,0.21299,3.19969
492,3,0.617196,2.37523,0.213419,3.20585
493,3,0.61839,2.38058,0.214,3.21296
494,3,0.620174,2.38832,0.214502,3.22299
495,3,0.621491,2.39358,0.214996,3.23007
496,3,0.622883,2.39913,0.215356,3.23737
497,3,0.624017,2.4038,0.215658,3.24348
498,3,0.62588,2.4088,0.216174,3.25086
499,3,0.627443,2.41434,0.21653,3.25831
500,3,0.628749,2.41935,0.217079,3.26517
501,3,0.629866,2.42371,0.217543,3.27112
502,3,0.631326,2.4297,0.217967,3.279
503,3,0.632722,2.43548,0.218427,3.28663
504,3,0.63466,2.4399,0.218815,3.29337
505,3,0.636056,2.44547,0.219199,3.30072
506,3,0.637282,2.45119,0.219561,3.30803
507,3,0.638583,2.45591,0.21993,3.31442
508,3,0.639713,2.46039,0.220266,3.32037
509,3,0.640802,2.46577,0.220636,3.32721
510,3,0.641847,2.47096,0.221295,3.3341
511,3,0.643386,2.47641,0.221973,3.34177
512,3,0.644875,2.4826,0.222248,3.34973
513,3,0.646335,2.48731,0.222815,3.35646
514,3,0.647563,2.49227,0.223255,3.36308
515,3,0.648784,2.49718,0.224022,3.36999
516,3,0.650346,2.50229,0.224516,3.37715
517,3,0.652094,2.50893,0.224928,3.38595
518,3,0.653656,2.51477,0.225215,3.39364
519,3,0.655046,2.52019,0.225622,3.40086
520,3,0.65664,2.52429,0.226152,3.40708
521,3,0.657942,2.52905,0.226904,3.4139
522,3,0.659243,2.53398,0.227412,3.42064
523,3,0.660477,2.53887,0.22782,3.42716
524,3,0.66174,2.54353,0.228453,3.43372
525,3,0.662904,2.54821,0.228949,3.44006
526,3,0.664328,2.55351,0.229613,3.44745
527,3,0.665689,2.55925,0.230326,3.45526
528,3,0.668327,2.56466,0.231077,3.46406
529,3,0.66998,2.57033,0.231571,3.47188
530,3,0.671304,2.57581,0.23197,3.47909
531,3,0.672315,2.58111,0.232239,3.48567
532,3,0.673265,2.58614,0.232634,3.49204
533,3,0.674625,2.59086,0.233155,3.49864
534,3,0.675683,2.5961,0.233439,3.50523
535,3,0.676758,2.60105,0.233665,3.51147
536,3,0.67786,2.60542,0.234175,3.51745
537,3,0.678867,2.6105,0.234771,3.52413
538,3,0.679728,2.61529,0.235147,3.53017
539,3,0.680908,2.61978,0.235682,3.53637
540,3,0.682186,2.62457,0.23612,3.54288
541,3,0.683365,2.62978,0.23687,3.55001
542,3,0.684618,2.63471,0.237439,3.55677
543,3,0.685882,2.639,0.237914,3.5628
544,3,0.687177,2.6435,0.238269,3.56894
545,3,0.688424,2.64831,0.238602,3.57534
546,3,0.6896,2.65336,0.238906,3.58187
547,3,0.69087,2.65803,0.239316,3.58821
548,3,0.692165,2.66268,0.239625,3.59447
549,3,0.693276,2.66843,0.241852,3.60356
550,3,0.694597,2.67309,0.242276,3.60996
551,3,0.695801,2.67761,0.242612,3.61602
552,3,0.696865,2.68199,0.242952,3.62181
553,3,0.698487,2.68909,0.243587,3.63116
554,3,0.699919,2.69491,0.243946,3.63877
555,3,0.701425,2.70042,0.245096,3.64694
556,3,0.702312,2.70564,0.245438,3.65339
557,3,0.703544,2.71037,0.245869,3.65978
558,3,0.704663,2.71516,0.24635,3.66617
559,3,0.705915,2.71984,0.246688,3.67244
560,3,0.707182,2.72484,0.247073,3.6791
561,3,0.708361,2.7293,0.247428,3.68509
562,3,0.709641,2.73386,0.247757,3.69126
563,3,0.711154,2.7409,0.248282,3.70033
564,3,0.71242,2.74685,0.248605,3.70787
565,3,0.713613,2.75244,0.248976,3.71503
566,3,0.714977,2.75676,0.249386,3.72112
567,3,0.716072,2.76128,0.249786,3.72714
568,3,0.717138,2.76614,0.250161,3.73344
569,3,0.718623,2.77037,0.250549,3.73954
570,3,0.719868,2.77497,0.250992,3.74583
571,3,0.721041,2.77965,0.251421,3.75211
572,3,0.722136,2.78426,0.251739,3.75813
573,3,0.723374,2.78949,0.252276,3.76514
574,3,0.724599,2.79429,0.252521,3.77141
575,3,0.725656,2.79904,0.252851,3.77755
576,3,0.726783,2.80343,0.253219,3.78343
577,3,0.728107,2.80791,0.253586,3.78961
578,3,0.729443,2.81275,0.254074,3.79626
579,3,0.730658,2.81744,0.254504,3.8026
580,3,0.732899,2.82445,0.254947,3.81229
581,3,0.734256,2.83004,0.255201,3.8195
582,3,0.735354,2.83571,0.255398,3.82646
583,3,0.736474,2.84062,0.25578,3.83287
584,3,0.737707,2.84574,0.256284,3.83973
585,3,0.738968,2.85089,0.256608,3.84647
586,3,0.741631,2.85416,0.257004,3.85279
587,3,0.742862,2.85866,0.257319,3.85884
588,3,0.743984,2.86329,0.257708,3.86498
589,3,0.745662,2.86956,0.258304,3.87353
590,3,0.747465,2.87516,0.25935,3.88197
591,3,0.748969,2.88075,0.259847,3.88957
592,3,0.753514,2.89391,0.260234,3.90766
593,3,0.75474,2.89909,0.261019,3.91485
594,3,0.756036,2.90363,0.261785,3.92145
595,3,0.757236,2.90893,0.262079,3.92825
596,3,0.758605,2.91385,0.262395,3.93485
597,3,0.759854,2.91897,0.262912,3.94174
598,3,0.761017,2.92421,0.263297,3.94852
599,3,0.762355,2.92944,0.263665,3.95546
600,3,0.763804,2.93439,0.264133,3.96233
601,3,0.765254,2.93977,0.264634,3.96966
602,3,0.766651,2.94475,0.265042,3.97644
603,3,0.768219,2.9496,0.265595,3.98342
604,3,0.769844,2.95496,0.266052,3.99085
605,3,0.77141,2.96563,0.266488,4.00353
606,3,0.773111,2.97417,0.269108,4.01638
607,3,0.77436,2.97997,0.269731,4.02406
608,3,0.776198,2.9857,0.270002,4.0319
609,3,0.777828,2.99254,0.270665,4.04104
610,3,0.77922,2.99825,0.27108,4.04855
611,3,0.780604,3.00323,0.271602,4.05544
612,3,0.781831,3.00779,0.27188,4.0615
613,3,0.783058,3.01246,0.272382,4.0679
614,3,0.784243,3.01713,0.272808,4.07419
615,3,0.785508,3.02173,0.273115,4.08036
616,3,0.786716,3.02634,0.273489,4.08655
617,3,0.787623,3.03147,0.273971,4.09306
618,3,0.789036,3.03629,0.274436,4.09976
619,3,0.790182,3.04184,0.274963,4.10698
620,3,0.791339,3.04672,0.275209,4.11327
621,3,0.792516,3.05131,0.275583,4.11941
622,3,0.793808,3.05612,0.276052,4.12598
623,3,0.795112,3.061,0.276629,4.13274
624,3,0.796447,3.06529,0.276974,4.13871
625,3,0.797591,3.0704,0.277235,4.14523
626,3,0.798803,3.07525,0.277824,4.15188
627,3,0.800115,3.07947,0.278212,4.1578
628,3,0.80126,3.08374,0.278592,4.16359
629,3,0.802661,3.08858,0.279136,4.17038
630,3,0.803791,3.0932,0.279573,4.17657
631,3,0.805003,3.09772,0.279964,4.18269
632,3,0.806023,3.10252,0.280322,4.18887
633,3,0.807623,3.10655,0.280752,4.19493
634,3,0.809276,3.11105,0.281203,4.20153
635,3,0.810464,3.11647,0.28165,4.20859
636,3,0.811512,3.12127,0.281969,4.21475
637,3,0.812676,3.12612,0.28234,4.22113
638,3,0.813797,3.13079,0.28275,4.22734
639,3,0.814926,3.13552,0.28349,4.23393
640,3,0.816172,3.1398,0.283936,4.23991
641,3,0.817339,3.14473,0.284341,4.24641
642,3,0.8186,3.14958,0.284768,4.25295
643,3,0.820011,3.15471,0.285142,4.25986
644,3,0.821186,3.15932,0.285402,4.26591
645,3,0.822347,3.16465,0.285829,4.27282
646,3,0.823405,3.16921,0.286096,4.27871
647,3,0.824762,3.17482,0.286508,4.28609
648,3,0.825998,3.17998,0.286902,4.29288
649,3,0.82709,3.18482,0.287226,4.29914
650,3,0.828223,3.18998,0.287622,4.30582
651,3,0.82996,3.19534,0.287982,4.31328
652,3,0.831286,3.20066,0.288384,4.32033
653,3,0.832321,3.2055,0.28864,4.32646
654,3,0.833911,3.21018,0.288991,4.33309
655,3,0.834988,3.21486,0.289345,4.33919
656,3,0.836061,3.21965,0.28972,4.34543
657,3,0.837736,3.22581,0.296707,4.36025
658,3,0.841771,3.25822,0.298384,4.39838
659,3,0.84343,3.26403,0.299032,4.40649
660,3,0.84433,3.27042,0.299388,4.41413
661,3,0.845536,3.27584,0.299681,4.42106
662,3,0.846821,3.281,0.30022,4.42804
663,3,0.848322,3.28583,0.300579,4.43473
664,3,0.849188,3.2916,0.300866,4.44165
665,3,0.850208,3.29708,0.301578,4.44886
666,3,0.851655,3.30483,0.302052,4.45854
667,3,0.853688,3.31062,0.302363,4.46667
668,3,0.856474,3.31452,0.302851,4.47385
669,3,0.858477,3.32029,0.303253,4.48202
670,3,0.859791,3.32718,0.303545,4.49051
671,3,0.861194,3.33298,0.304082,4.49825
672,3,0.862554,3.33789,0.304447,4.50489
673,3,0.863729,3.34243,0.304767,4.51093
674,3,0.864656,3.34705,0.305208,4.51691
675,3,0.86593,3.35134,0.305557,4.52283
676,3,0.867173,3.35612,0.305842,4.52913
677,3,0.868474,3.36065,0.306185,4.53531
678,3,0.869505,3.3654,0.306519,4.54142
679,3,0.870455,3.37055,0.306753,4.54776
680,3,0.871535,3.37561,0.307007,4.55415
681,3,0.872676,3.38041,0.307366,4.56045
682,3,0.873733,3.38497,0.307777,4.56648
683,3,0.874844,3.39019,0.308175,4.57321
684,3,0.875792,3.39494,0.308575,4.57931
685,3,0.876894,3.39942,0.308979,4.58529
686,3,0.878386,3.40509,0.309349,4.59283
687,3,0.879435,3.41103,0.30986,4.60032
688,3,0.880771,3.41589,0.310121,4.60678
689,3,0.882052,3.42074,0.310457,4.61325
690,3,0.883427,3.42804,0.311344,4.62281
691,3,0.885155,3.43788,0.312,4.63503
692,3,0.886152,3.4526,0.312367,4.65112
693,3,0.88744,3.45733,0.312844,4.65761
694,3,0.888518,3.46235,0.313157,4.66403
695,3,0.889689,3.46776,0.313399,4.67085
696,3,0.891175,3.47314,0.313884,4.6782
697,3,0.892736,3.4785,0.314237,4.68547
698,3,0.89448,3.48365,0.314659,4.69279
699,3,0.897186,3.49084,0.315066,4.7031
700,3,0.89873,3.49651,0.315441,4.71068
701,3,0.900525,3.50232,0.315891,4.71874
702,3,0.901767,3.5099,0.316489,4.72816
703,3,0.902975,3.51553,0.316774,4.73528
704,3,0.903959,3.52094,0.317035,4.74193
705,3,0.905152,3.52592,0.317465,4.74854
706,3,0.906509,3.53037,0.317794,4.75468
707,3,0.907732,3.53521,0.318127,4.76107
708,3,0.908877,3.53998,0.318468,4.76732
709,3,0.910082,3.5448,0.318878,4.77376
710,3,0.911301,3.54962,0.319184,4.78011
711,3,0.912411,3.55408,0.319554,4.78604
712,3,0.913422,3.55881,0.319972,4.7922
713,3,0.914638,3.56339,0.320245,4.79827
714,3,0.9158,3.56787,0.320666,4.80434
715,3,0.916885,3.57303,0.32089,4.81081
716,3,0.917977,3.57812,0.321181,4.81727
717,3,0.919386,3.58368,0.321581,4.82465
718,3,0.920903,3.5885,0.321875,4.83128
719,3,0.922117,3.59288,0.322197,4.8372
720,3,0.923329,3.59743,0.322566,4.84332
721,3,0.924905,3.60238,0.323143,4.85043
722,3,0.927295,3.60944,0.324052,4.86079
723,3,0.930794,3.63173,0.324299,4.88682
724,3,0.931426,3.63869,0.32521,4.89533
725,3,0.932862,3.64357,0.325565,4.902
726,3,0.934089,3.64882,0.325973,4.90888
727,3,0.935353,3.65421,0.328868,4.91843
728,3,0.936653,3.65962,0.329219,4.92549
729,3,0.938528,3.66371,0.329637,4.93188
730,3,0.939853,3.66928,0.330018,4.93915
731,3,0.943142,3.6759,0.330592,4.94964
732,3,0.945393,3.68152,0.331,4.95791
733,3,0.946826,3.68731,0.331725,4.96586
734,3,0.949068,3.69302,0.332156,4.97424
735,3,0.950107,3.70056,0.332969,4.98364
736,3,0.951595,3.70596,0.333604,4.99115
737,3,0.953236,3.711,0.334047,4.99828
738,3,0.954722,3.71533,0.334413,5.00446
739,3,0.95595,3.72031,0.334805,5.01107
740,3,0.957092,3.72542,0.335062,5.01757
741,3,0.958486,3.73005,0.33554,5.02408
742,3,0.959704,3.73555,0.335993,5.03125
743,3,0.960844,3.74017,0.336476,5.03749
744,3,0.962192,3.74489,0.336898,5.04398
745,3,0.9636,3.74948,0.337499,5.05057
746,3,0.964852,3.75456,0.338113,5.05752
747,3,0.966115,3.75962,0.338455,5.06419
748,3,0.966994,3.76506,0.338762,5.07082
749,3,0.9684,3.77134,0.339092,5.07883
750,3,0.969639,3.77643,0.339389,5.08546
751,3,0.970911,3.78089,0.339779,5.09158
752,3,0.972528,3.78641,0.340124,5.09906
753,3,0.974294,3.79244,0.340695,5.10743
754,3,0.977229,3.79844,0.341472,5.11714
755,3,0.979084,3.80473,0.341906,5.12572
756,3,0.980453,3.81123,0.342502,5.13419
757,3,0.98195,3.81837,0.343064,5.14338
758,3,0.98337,3.82653,0.343502,5.15341
759,3,0.984813,3.83185,0.343778,5.16044
760,3,0.986142,3.83755,0.344289,5.16798
761,3,0.987365,3.84236,0.344689,5.17442
762,3,0.988426,3.8474,0.345096,5.18092
763,3,0.989855,3.8522,0.348458,5.19051
764,3,0.991197,3.85723,0.348835,5.19726
765,3,0.992385,3.86214,0.349095,5.20361
766,3,0.993626,3.86716,0.349584,5.21037
767,3,0.99477,3.87163,0.35004,5.21644
768,3,0.995926,3.8762,0.351,5.22313
769,3,0.997073,3.88058,0.351401,5.22905
770,3,0.998247,3.88496,0.351777,5.23499
771,3,0.999357,3.88936,0.352133,5.24085
772,3,1.00044,3.89394,0.352553,5.24693
773,3,1.00152,3.89873,0.352943,5.2532
774,3,1.00296,3.90447,0.353318,5.26075
775,3,1.00472,3.91027,0.35365,5.26864
776,3,1.00561,3.91508,0.354098,5.27479
777,3,1.00682,3.91974,0.354569,5.28113
778,3,1.00809,3.92497,0.35484,5.2879
779,3,1.00917,3.92953,0.355164,5.29386
780,3,1.01002,3.93408,0.355486,5.29959
781,3,1.01099,3.93866,0.35589,5.30555
782,3,1.01225,3.94292,0.356273,5.31144
783,3,1.01315,3.94838,0.356616,5.31815
784,3,1.01426,3.95271,0.357034,5.324
785,3,1.01519,3.95734,0.357452,5.32999
786,3,1.01618,3.96164,0.35777,5.33559
787,3,1.01736,3.96618,0.358013,5.34155
788,3,1.0185,3.97031,0.358554,5.34737
789,3,1.01974,3.97486,0.359023,5.35363
790,3,1.02083,3.97936,0.359442,5.35963
791,3,1.02189,3.98406,0.359703,5.36565
792,3,1.02291,3.98873,0.36012,5.37175
793,3,1.02381,3.99365,0.360489,5.37795
794,3,1.02478,3.99799,0.360842,5.38361
795,3,1.0258,4.0026,0.361321,5.38972
796,3,1.02702,4.0071,0.361912,5.39603
797,3,1.02795,4.01153,0.362193,5.40168
798,3,1.02883,4.01592,0.362659,5.40741
799,3,1.02988,4.02019,0.363006,5.41308
800,3,1.03106,4.02474,0.36366,5.41946
801,3,1.03216,4.02959,0.364179,5.42592
802,3,1.03333,4.0344,0.36457,5.4323
803,3,1.0345,4.03799,0.364977,5.43746
804,3,1.03571,4.04242,0.365426,5.44356
805,3,1.03687,4.04671,0.365795,5.44937
806,3,1.03791,4.05134,0.366394,5.45564
807,3,1.03911,4.05624,0.366869,5.46221
808,3,1.04035,4.06072,0.367433,5.46851
809,3,1.04145,4.06587,0.368181,5.4755
810,3,1.04271,4.0713,0.368547,5.48256
811,3,1.0437,4.07582,0.369095,5.48862
812,3,1.0448,4.08073,0.369485,5.49502
813,3,1.04576,4.0865,0.369753,5.50201
814,3,1.04679,4.09117,0.37016,5.50811
815,3,1.04783,4.09576,0.370623,5.51422
816,3,1.04901,4.10023,0.371037,5.52028
817,3,1.05027,4.10459,0.371379,5.52624
818,3,1.05148,4.10954,0.371979,5.53299
819,3,1.05272,4.1145,0.372451,5.53967
820,3,1.0537,4.11964,0.372964,5.5463
821,3,1.05484,4.12473,0.373432,5.55301
822,3,1.0561,4.12915,0.373966,5.55921
823,3,1.05745,4.13376,0.374478,5.56569
824,3,1.05865,4.13856,0.374951,5.57216
825,3,1.05976,4.14359,0.376272,5.57963
826,3,1.06086,4.14786,0.376548,5.58527
827,3,1.06209,4.15288,0.37691,5.59188
828,3,1.06311,4.15799,0.37731,5.59841
829,3,1.06408,4.16308,0.377799,5.60496
830,3,1.06526,4.16776,0.378157,5.61117
831,3,1.06616,4.17264,0.37849,5.61729
832,3,1.06743,4.17716,0.378957,5.62356
833,3,1.06875,4.18208,0.379611,5.63044
834,3,1.07001,4.18696,0.380119,5.63709
835,3,1.07103,4.19163,0.380544,5.6432
836,3,1.07217,4.19601,0.380931,5.64912
837,3,1.07304,4.20091,0.381272,5.65522
838,3,1.07402,4.20565,0.381704,5.66138
839,3,1.07506,4.2105,0.382028,5.66759
840,3,1.07592,4.21534,0.382713,5.67398
841,3,1.07697,4.22003,0.383097,5.6801
842,3,1.07797,4.22463,0.383481,5.68609
843,3,1.07919,4.22965,0.383981,5.69282
844,3,1.08035,4.23431,0.38423,5.69888
845,3,1.08145,4.23885,0.384654,5.70496
846,3,1.08248,4.24353,0.385307,5.71131
847,3,1.08358,4.24788,0.385654,5.71711
848,3,1.08479,4.25227,0.385904,5.72296
849,3,1.08592,4.25658,0.386341,5.72884
850,3,1.08709,4.26117,0.386794,5.73505
851,3,1.08818,4.26556,0.387187,5.74092
852,3,1.08927,4.2702,0.387484,5.74695
853,3,1.09031,4.27449,0.387891,5.7527
854,3,1.09142,4.27945,0.388256,5.75912
855,3,1.09244,4.28403,0.388622,5.76509
856,3,1.0934,4.28866,0.388939,5.771
857,3,1.09455,4.29321,0.389369,5.77713
858,3,1.09566,4.29762,0.389729,5.78301
859,3,1.09674,4.30192,0.390133,5.78879
860,3,1.09774,4.30641,0.390583,5.79473
861,3,1.09861,4.31119,0.390988,5.80079
862,3,1.09988,4.31587,0.391347,5.8071
863,3,1.1021,4.32029,0.391694,5.81409
864,3,1.10331,4.32537,0.392173,5.82085
865,3,1.10446,4.32998,0.392801,5.82724
866,3,1.10581,4.33446,0.39325,5.83352
867,3,1.10666,4.33968,0.393749,5.8401
868,3,1.10808,4.34415,0.394167,5.8464
869,3,1.10909,4.34848,0.394527,5.8521
870,3,1.11024,4.35354,0.394896,5.85868
871,3,1.11134,4.35828,0.3952,5.86482
872,3,1.11245,4.3627,0.395616,5.87077
873,3,1.11359,4.36755,0.397521,5.87866
874,3,1.11498,4.3718,0.397873,5.88466
875,3,1.11619,4.3761,0.398346,5.89064
876,3,1.11728,4.38071,0.398669,5.89666
877,3,1.11841,4.38529,0.399066,5.90277
878,3,1.12019,4.38919,0.400004,5.90939
879,3,1.12141,4.39366,0.400358,5.91543
880,3,1.12253,4.398,0.40074,5.92127
881,3,1.12353,4.4034,0.401148,5.92808
882,3,1.12476,4.40793,0.401532,5.93423
883,3,1.12591,4.41253,0.40188,5.94033
884,3,1.12699,4.41727,0.402151,5.94641
885,3,1.12809,4.42195,0.402518,5.95256
886,3,1.12905,4.42662,0.402908,5.95858
887,3,1.13029,4.43114,0.403323,5.96474
888,3,1.13139,4.43564,0.403899,5.97093
889,3,1.13256,4.43997,0.404261,5.97679
890,3,1.13364,4.4442,0.404573,5.98242
891,3,1.13455,4.44896,0.405163,5.98867
892,3,1.13574,4.45393,0.405701,5.99537
893,3,1.13717,4.45804,0.406102,6.00132
894,3,1.13846,4.46258,0.406529,6.00757
895,3,1.13939,4.46714,0.40692,6.01345
896,3,1.1405,4.47218,0.407372,6.02005
897,3,1.14156,4.47679,0.407831,6.02618
898,3,1.14258,4.4821,0.408724,6.0334
899,3,1.14444,4.48771,0.409208,6.04136
900,3,1.14553,4.49603,0.409568,6.05113
901,3,1.14657,4.50113,0.409801,6.05751
902,3,1.14757,4.50574,0.410157,6.06346
903,3,1.14864,4.51087,0.410513,6.07002
904,3,1.14982,4.51581,0.410946,6.07658
905,3,1.15089,4.52034,0.411466,6.08269
906,3,1.15213,4.52551,0.411869,6.0895
907,3,1.15313,4.52991,0.412274,6.09532
908,3,1.15413,4.53473,0.412589,6.10145
909,3,1.15515,4.53943,0.413006,6.10759
910,3,1.15632,4.54386,0.413407,6.11359
911,3,1.15732,4.54839,0.413633,6.11934
912,3,1.15853,4.55303,0.414157,6.12571
913,3,1.15964,4.55737,0.41456,6.13157
914,3,1.16064,4.56174,0.41515,6.13753
915,3,1.16161,4.56645,0.415548,6.14361
916,3,1.16272,4.57132,0.415955,6.15
917,3,1.16379,4.57556,0.416289,6.15563
918,3,1.1649,4.58062,0.416654,6.16217
919,3,1.16589,4.58543,0.417059,6.16838
920,3,1.1669,4.58985,0.417475,6.17422
921,3,1.16803,4.59423,0.417915,6.18017
922,3,1.16918,4.59873,0.418384,6.18628
923,3,1.1703,4.6038,0.418792,6.19289
924,3,1.17141,4.60839,0.419156,6.19896
925,3,1.17252,4.61333,0.419501,6.20535
926,3,1.17345,4.61841,0.419966,6.21183
927,3,1.17468,4.62319,0.420302,6.21817
928,3,1.17591,4.62816,0.42063,6.2247
929,3,1.17715,4.63298,0.421202,6.23133
930,3,1.17827,4.63741,0.421576,6.23725
931,3,1.17917,4.64233,0.422069,6.24356
932,3,1.18042,4.64694,0.422468,6.24983
933,3,1.1817,4.6517,0.422852,6.25624
934,3,1.18293,4.65606,0.423224,6.26221
935,3,1.18397,4.66052,0.423609,6.2681
936,3,1.18509,4.66515,0.42396,6.2742
937,3,1.18599,4.66982,0.424327,6.28013
938,3,1.18697,4.67432,0.424712,6.28601
939,3,1.18789,4.67932,0.425011,6.29222
940,3,1.18894,4.68421,0.425225,6.29837
941,3,1.19013,4.68905,0.425524,6.30471
942,3,1.19114,4.69404,0.426049,6.31123
943,3,1.19217,4.69868,0.426427,6.31727
944,3,1.19334,4.70345,0.426843,6.32363
945,3,1.19458,4.70796,0.427312,6.32986
946,3,1.19566,4.71236,0.427614,6.33564
947,3,1.19664,4.717,0.428125,6.34177
948,3,1.19789,4.72209,0.42848,6.34846
949,3,1.19896,4.72687,0.428961,6.35479
950,3,1.20006,4.73146,0.429483,6.36101
951,3,1.20108,4.7363,0.429878,6.36726
952,3,1.20241,4.74091,0.430162,6.37348
953,3,1.20366,4.74564,0.430619,6.37991
954,3,1.20758,4.7601,0.435161,6.40284
955,3,1.20844,4.76472,0.435726,6.40889
956,3,1.20973,4.76913,0.436229,6.4151
957,3,1.21066,4.77357,0.436633,6.42086
958,3,1.21163,4.77813,0.436968,6.42673
959,3,1.21261,4.78317,0.437267,6.43305
960,3,1.21358,4.78789,0.437657,6.43913
961,3,1.21486,4.79242,0.438043,6.44532
962,3,1.21595,4.79687,0.438389,6.45121
963,3,1.21705,4.80168,0.43879,6.45752
964,3,1.21795,4.8067,0.439118,6.46377
965,3,1.21916,4.81151,0.439554,6.47022
966,3,1.22081,4.81623,0.439957,6.47699
967,3,1.22207,4.82054,0.44052,6.48314
968,3,1.22301,4.82573,0.440839,6.48958
969,3,1.22421,4.83014,0.441303,6.49565
970,3,1.22533,4.83446,0.441695,6.50149
971,3,1.22637,4.83928,0.442084,6.50773
972,3,1.22734,4.84391,0.442357,6.51361
973,3,1.22851,4.84875,0.442805,6.52007
974,3,1.22942,4.85309,0.443111,6.52563
975,3,1.23153,4.85882,0.443644,6.534
976,3,1.23334,4.86436,0.444055,6.54176
977,3,1.23464,4.87067,0.444494,6.54981
978,3,1.23592,4.87672,0.444884,6.55753
979,3,1.23737,4.88213,0.445192,6.56469
980,3,1.23851,4.88736,0.445534,6.5714
981,3,1.23973,4.89268,0.445749,6.57815
982,3,1.24111,4.89812,0.446098,6.58532
983,3,1.24226,4.90287,0.446425,6.59155
984,3,1.2433,4.90761,0.449978,6.60089
985,3,1.24447,4.91224,0.450315,6.60703
986,3,1.24579,4.91686,0.450659,6.6133
987,3,1.24675,4.9219,0.450985,6.61963
988,3,1.24804,4.9266,0.451341,6.62598
989,3,1.24902,4.93155,0.451916,6.63249
990,3,1.25026,4.93625,0.452277,6.63879
991,3,1.25125,4.94097,0.452621,6.64484
992,3,1.25242,4.94551,0.453022,6.65095
993,3,1.25363,4.95049,0.453457,6.65758
994,3,1.25483,4.95496,0.453851,6.66364
995,3,1.25586,4.95945,0.454444,6.66975
996,3,1.25708,4.96598,0.454885,6.67794
997,3,1.25838,4.97105,0.455353,6.68479
998,3,1.25967,4.97648,0.455542,6.69168
999,3,1.26071,4.98174,0.45889,6.70133
1000,3,1.26189,4.98632,0.459289,6.7075
1001,3,1.26301,4.9908,0.459561,6.71337
1002,3,1.26615,5.00469,0.464428,6.73527
1003,3,1.26821,5.02304,0.465011,6.75626
1004,3,1.26959,5.02777,0.465278,6.76264
1005,3,1.27084,5.03344,0.4657,6.76997
1006,3,1.2722,5.03854,0.465972,6.77671
1007,3,1.27344,5.04389,0.467424,6.78476
1008,3,1.27469,5.0489,0.467817,6.79141
1009,3,1.27587,5.05362,0.468245,6.79773
1010,3,1.27726,5.05871,0.468663,6.80464
1011,3,1.27816,5.0644,0.469405,6.81196
1012,3,1.28059,5.0711,0.470049,6.82174
1013,3,1.28218,5.07669,0.470687,6.82955
1014,3,1.2839,5.08358,0.471417,6.8389
1015,3,1.28587,5.09112,0.472019,6.84901
1016,3,1.28731,5.09644,0.472461,6.85621
1017,3,1.28875,5.10176,0.472768,6.86328
1018,3,1.28996,5.10645,0.473076,6.86949
1019,3,1.2908,5.1115,0.473454,6.87575
1020,3,1.29172,5.11638,0.473805,6.8819
1021,3,1.29301,5.1229,0.474361,6.89027
1022,3,1.29445,5.1284,0.474678,6.89753
1023,3,1.29533,5.13353,0.474972,6.90384
1024,3,1.2963,5.13857,0.475419,6.91028
1025,3,1.2976,5.14365,0.475863,6.9171
1026,3,1.29852,5.14822,0.476199,6.92294
1027,3,1.29973,5.15303,0.477047,6.92981
1028,3,1.30095,5.15759,0.477457,6.93599
1029,3,1.30212,5.16312,0.478159,6.9434
1030,3,1.30333,5.16815,0.478548,6.95003
1031,3,1.30451,5.17269,0.478976,6.95617
1032,3,1.30604,5.17705,0.479422,6.96251
1033,3,1.30731,5.1819,0.479822,6.96903
1034,3,1.30961,5.18847,0.480387,6.97846
1035,3,1.31091,5.19351,0.480716,6.98513
1036,3,1.31214,5.19905,0.480945,6.99213
1037,3,1.31334,5.20379,0.481327,6.99846
1038,3,1.31468,5.20832,0.481856,7.00485
1039,3,1.31584,5.21324,0.482266,7.01135
1040,3,1.31703,5.21767,0.482609,7.01731
1041,3,1.31889,5.22329,0.483043,7.02522
1042,3,1.32004,5.24015,0.485188,7.04538
1043,3,1.32185,5.24867,0.485765,7.05628
1044,3,1.32268,5.25331,0.486397,7.06239
1045,3,1.32373,5.25843,0.486692,7.06885
1046,3,1.32469,5.26355,0.487143,7.07539
1047,3,1.32611,5.26852,0.487773,7.0824
1048,3,1.32732,5.27402,0.488018,7.08936
1049,3,1.32857,5.27889,0.488509,7.09597
1050,3,1.32998,5.28383,0.489018,7.10282
1051,3,1.33189,5.29162,0.489617,7.11313
1052,3,1.33359,5.2983,0.490044,7.12193
1053,3,1.33502,5.30478,0.490782,7.13058
1054,3,1.33714,5.31022,0.491116,7.13847
1055,3,1.33855,5.31793,0.491676,7.14815
1056,3,1.33985,5.32341,0.491959,7.15522
1057,3,1.34084,5.32897,0.492303,7.16211
1058,3,1.34219,5.33384,0.492752,7.16878
1059,3,1.34321,5.3389,0.49306,7.17517
1060,3,1.34428,5.34369,0.493353,7.18132
1061,3,1.34527,5.34891,0.493743,7.18792
1062,3,1.3461,5.35434,0.494069,7.19451
1063,3,1.34747,5.35874,0.494584,7.20079
1064,3,1.34848,5.36347,0.495046,7.207
1065,3,1.34954,5.36837,0.495522,7.21342
1066,3,1.35062,5.37588,0.496032,7.22253
1067,3,1.35199,5.38152,0.496448,7.22995
1068,3,1.35335,5.38736,0.496922,7.23763
1069,3,1.35425,5.39336,0.497279,7.24489
1070,3,1.3554,5.39808,0.497657,7.25114
1071,3,1.3563,5.40315,0.497904,7.25736
1072,3,1.35744,5.40785,0.498311,7.2636
1073,3,1.35863,5.41225,0.498673,7.26956
1074,3,1.35982,5.41653,0.499142,7.27549
1075,3,1.36093,5.4211,0.499492,7.28153
1076,3,1.3624,5.42555,0.499834,7.28779
1077,3,1.36367,5.43036,0.500436,7.29447
1078,3,1.36494,5.43506,0.500764,7.30076
1079,3,1.36638,5.4394,0.501116,7.3069
1080,3,1.36761,5.44444,0.501509,7.31356
1081,3,1.36892,5.44892,0.501846,7.31969
1082,3,1.37007,5.45336,0.502276,7.3257
1083,3,1.37139,5.45795,0.502609,7.33195
1084,3,1.37245,5.46316,0.5033,7.33891
1085,3,1.37375,5.4686,0.503511,7.34587
1086,3,1.37491,5.47382,0.503834,7.35257
1087,3,1.37624,5.47861,0.504245,7.3591
1088,3,1.37759,5.48631,0.504808,7.36871
1089,3,1.38099,5.49557,0.505172,7.38173
1090,3,1.3818,5.50314,0.505756,7.39069
1091,3,1.38273,5.5089,0.506175,7.39781
1092,3,1.38427,5.51389,0.506523,7.40469
1093,3,1.3858,5.51878,0.506954,7.41153
1094,3,1.38705,5.52388,0.507267,7.41819
1095,3,1.38851,5.529,0.507581,7.42508
1096,3,1.38975,5.53425,0.508038,7.43203
1097,3,1.39112,5.53958,0.508421,7.43912
1098,3,1.39269,5.54656,0.509142,7.44839
1099,3,1.39498,5.55188,0.509631,7.45649
1100,3,1.39651,5.55766,0.510147,7.46432
1101,3,1.39824,5.56332,0.510498,7.47206
1102,3,1.39946,5.5703,0.51365,7.48341
1103,3,1.40049,5.57604,0.51404,7.49057
1104,3,1.40161,5.58153,0.514402,7.49754
1105,3,1.40268,5.58636,0.514652,7.50369
1106,3,1.40375,5.59182,0.514896,7.51047
1107,3,1.40494,5.59689,0.515169,7.517
1108,3,1.40621,5.60165,0.515581,7.52345
1109,3,1.40712,5.60728,0.515948,7.53035
1110,3,1.40835,5.61277,0.516306,7.53743
1111,3,1.40953,5.61744,0.516678,7.54365
1112,3,1.41075,5.62186,0.516983,7.54959
1113,3,1.41187,5.62702,0.51733,7.55621
1114,3,1.41279,5.63156,0.517786,7.56214
1115,3,1.41409,5.63591,0.518132,7.56813
1116,3,1.41519,5.64066,0.518605,7.57445
1117,3,1.41692,5.64683,0.519283,7.58304
1118,3,1.42014,5.65048,0.519645,7.59026
1119,3,1.42166,5.6556,0.51993,7.59719
1120,3,1.42255,5.66132,0.520329,7.60421
1121,3,1.42367,5.66659,0.520759,7.61102
1122,3,1.42662,5.6878,0.524431,7.63885
1123,3,1.42756,5.69921,0.524865,7.65164
1124,3,1.42884,5.70402,0.525379,7.65824
1125,3,1.42995,5.70871,0.525641,7.6643
1126,3,1.43144,5.71375,0.526056,7.67124
1127,3,1.43262,5.71891,0.526543,7.67807
1128,3,1.43394,5.72384,0.527085,7.68486
1129,3,1.43525,5.72875,0.52752,7.69152
1130,3,1.43625,5.73437,0.527751,7.69838
1131,3,1.43877,5.74096,0.528307,7.70804
1132,3,1.44135,5.74711,0.528814,7.71727
1133,3,1.44278,5.75255,0.529302,7.72463
1134,3,1.44469,5.75838,0.529966,7.73303
1135,3,1.44615,5.76358,0.530359,7.74009
1136,3,1.44729,5.76964,0.530807,7.74773
1137,3,1.44855,5.7747,0.531303,7.75455
1138,3,1.45011,5.77945,0.531867,7.76143
1139,3,1.45126,5.78436,0.532186,7.7678
1140,3,1.45279,5.78898,0.53261,7.77437
1141,3,1.45394,5.79389,0.532866,7.7807
1142,3,1.45502,5.79883,0.533262,7.78712
1143,3,1.45613,5.80329,0.533548,7.79296
1144,3,1.45725,5.80809,0.533912,7.79926
1145,3,1.45861,5.81353,0.534427,7.80656
1146,3,1.45978,5.82213,0.535632,7.81754
1147,3,1.46084,5.82716,0.535947,7.82394
1148,3,1.46186,5.83178,0.536289,7.82993
1149,3,1.46373,5.83806,0.537037,7.83882
1150,3,1.46552,5.84348,0.53749,7.84648
1151,3,1.46671,5.84911,0.537837,7.85365
1152,3,1.46791,5.85469,0.538208,7.86081
1153,3,1.46907,5.87366,0.54587,7.8886
1154,3,1.46975,5.88326,0.546142,7.89915
1155,3,1.47041,5.88885,0.546386,7.90564
1156,3,1.47137,5.89485,0.54698,7.9132
1157,3,1.47273,5.89974,0.547363,7.91984
1158,3,1.47451,5.90463,0.547673,7.92682
1159,3,1.4758,5.90962,0.548031,7.93345
1160,3,1.47732,5.91614,0.548809,7.94226
1161,3,1.47984,5.92306,0.549343,7.95224
1162,3,1.48167,5.92852,0.550011,7.96021
1163,3,1.48338,5.93491,0.550334,7.96862
1164,3,1.48528,5.94212,0.550827,7.97822
1165,3,1.48674,5.94745,0.551256,7.98544
1166,3,1.48808,5.95302,0.551564,7.99266
1167,3,1.48923,5.95747,0.552099,7.9988
1168,3,1.49023,5.96208,0.552504,8.00482
1169,3,1.49151,5.96737,0.552839,8.01172
1170,3,1.49247,5.97254,0.553127,8.01814
1171,3,1.49362,5.97716,0.553497,8.02428
1172,3,1.49463,5.98268,0.553755,8.03106
1173,3,1.49593,5.98746,0.554322,8.03771
1174,3,1.49712,5.99207,0.554682,8.04387
1175,3,1.49838,5.99702,0.555037,8.05044
1176,3,1.4995,6.0017,0.555379,8.05658
1177,3,1.5007,6.00675,0.555726,8.06318
1178,3,1.50223,6.01371,0.556,8.07194
1179,3,1.50335,6.01954,0.556344,8.07923
1180,3,1.50491,6.02589,0.55677,8.08757
1181,3,1.50694,6.03337,0.557406,8.09772
1182,3,1.50927,6.0398,0.557959,8.10703
1183,3,1.51058,6.04639,0.559225,8.1162
1184,3,1.51191,6.05462,0.559965,8.1265
1185,3,1.51364,6.06095,0.5603,8.13489
1186,3,1.51567,6.06742,0.561464,8.14455
1187,3,1.51776,6.07515,0.56218,8.15508
1188,3,1.51966,6.07998,0.563015,8.16265
1189,3,1.5215,6.08514,0.563443,8.17008
1190,3,1.52281,6.08987,0.563755,8.17644
1191,3,1.52407,6.0951,0.564212,8.18338
1192,3,1.52537,6.09968,0.564537,8.18959
1193,3,1.52652,6.10434,0.5651,8.19596
1194,3,1.52797,6.10858,0.565813,8.20236
1195,3,1.52919,6.11323,0.566137,8.20855
1196,3,1.5305,6.11758,0.566504,8.21458
1197,3,1.53163,6.12204,0.566847,8.22052
1198,3,1.53287,6.1271,0.567383,8.22735
1199,3,1.5342,6.13156,0.567767,8.23353
1200,3,1.53544,6.13601,0.568123,8.23958
1201,3,1.53676,6.14041,0.568615,8.24579
1202,3,1.5382,6.14493,0.569007,8.25214
1203,3,1.53963,6.15027,0.569368,8.25927
1204,3,1.5407,6.15567,0.572078,8.26845
1205,3,1.5419,6.16147,0.572769,8.27615
1206,3,1.54309,6.16624,0.573134,8.28247
1207,3,1.54432,6.17086,0.574441,8.28963
1208,3,1.54545,6.17507,0.575002,8.29552
1209,3,1.54653,6.1803,0.575483,8.30232
1210,3,1.54771,6.18495,0.575815,8.30848
1211,3,1.54874,6.18913,0.576118,8.31398
1212,3,1.54984,6.19365,0.576451,8.31994
1213,3,1.55093,6.1982,0.576842,8.32597
1214,3,1.55205,6.20289,0.577228,8.33216
1215,3,1.55314,6.2075,0.577584,8.33822
1216,3,1.55433,6.21197,0.577934,8.34423
1217,3,1.55499,6.21655,0.578305,8.34985
1218,3,1.55619,6.22117,0.578643,8.35601
1219,3,1.55747,6.22586,0.578903,8.36223
1220,3,1.55876,6.23119,0.579205,8.36915
1221,3,1.55991,6.2356,0.579678,8.3752
1222,3,1.56091,6.2403,0.58071,8.38192
1223,3,1.56232,6.24511,0.581006,8.38843
1224,3,1.56341,6.24957,0.581362,8.39434
1225,3,1.56431,6.25432,0.581682,8.40031
1226,3,1.56555,6.25905,0.582055,8.40665
1227,3,1.56658,6.2635,0.582542,8.41262
1228,3,1.56783,6.2688,0.582953,8.41959
1229,3,1.57004,6.27433,0.583564,8.42793
1230,3,1.57179,6.28031,0.58403,8.43613
1231,3,1.57324,6.28637,0.584463,8.44408
1232,3,1.57459,6.29257,0.584879,8.45204
1233,3,1.57615,6.29927,0.585446,8.46086
1234,3,1.57793,6.304,0.585969,8.4679
1235,3,1.57915,6.3092,0.586363,8.47472
1236,3,1.58038,6.3143,0.586703,8.48138
1237,3,1.5816,6.3193,0.587155,8.48806
1238,3,1.58299,6.3241,0.587583,8.49467
1239,3,1.58406,6.32953,0.588003,8.50159
1240,3,1.58513,6.33404,0.58837,8.50754
1241,3,1.58605,6.33874,0.588782,8.51357
1242,3,1.59021,6.34227,0.589008,8.52149
1243,3,1.59194,6.34895,0.589418,8.53031
1244,3,1.59359,6.35505,0.58999,8.53863
1245,3,1.59519,6.36072,0.590334,8.54624
1246,3,1.59696,6.3662,0.590903,8.55406
1247,3,1.5986,6.37214,0.591265,8.56201
1248,3,1.59963,6.37922,0.591871,8.57072
1249,3,1.60116,6.38487,0.592329,8.57836
1250,3,1.60263,6.38984,0.592781,8.58525
1251,3,1.60377,6.39443,0.593144,8.59134
1252,3,1.60498,6.39876,0.593512,8.59725
1253,3,1.60615,6.40351,0.593953,8.6036
1254,3,1.60733,6.40808,0.594304,8.60971
1255,3,1.60838,6.4126,0.5946,8.61558
1256,3,1.60951,6.417,0.595005,8.62151
1257,3,1.61059,6.42123,0.595386,8.62721
1258,3,1.61175,6.42603,0.595826,8.6336
1259,3,1.61279,6.43043,0.596243,8.63947
1260,3,1.61388,6.43503,0.60014,8.64905
1261,3,1.61493,6.43982,0.6004,8.65515
1262,3,1.61598,6.44482,0.600678,8.66148
1263,3,1.6172,6.44969,0.601082,8.66797
1264,3,1.61821,6.45424,0.601451,8.6739
1265,3,1.61937,6.45863,0.601853,8.67986
1266,3,1.6206,6.46292,0.602225,8.68574
1267,3,1.62165,6.46767,0.602546,8.69186
1268,3,1.62286,6.47227,0.603003,8.69814
1269,3,1.62398,6.47687,0.60337,8.70422
1270,3,1.62515,6.48213,0.603756,8.71104
1271,3,1.62631,6.48768,0.604521,8.71851
1272,3,1.62742,6.49277,0.604935,8.72513
1273,3,1.62828,6.49739,0.605328,8.731
1274,3,1.6293,6.50179,0.60569,8.73678
1275,3,1.63051,6.50611,0.606068,8.74269
1276,3,1.6317,6.51092,0.606463,8.74908
1277,3,1.63261,6.51548,0.60674,8.75483
1278,3,1.63367,6.51986,0.607113,8.76065
1279,3,1.63466,6.52415,0.607516,8.76632
1280,3,1.63569,6.529,0.607888,8.77259
1281,3,1.63695,6.53308,0.608291,8.77831
1282,3,1.63808,6.538,0.608809,8.7849
1283,3,1.63918,6.54235,0.609172,8.7907
1284,3,1.64024,6.54688,0.60957,8.79669
1285,3,1.64131,6.55145,0.610087,8.80284
1286,3,1.64231,6.55626,0.610358,8.80892
1287,3,1.64322,6.56036,0.610819,8.8144
1288,3,1.64414,6.56504,0.611246,8.82043
1289,3,1.64527,6.56957,0.611632,8.82648
1290,3,1.64656,6.57426,0.61205,8.83287
1291,3,1.64788,6.5792,0.612415,8.8395
1292,3,1.64898,6.58377,0.612866,8.84561
1293,3,1.65017,6.58826,0.613217,8.85165
1294,3,1.65162,6.59637,0.61381,8.8618
1295,3,1.65389,6.60214,0.614565,8.8706
1296,3,1.65545,6.6084,0.614976,8.87882
1297,3,1.65645,6.61423,0.615521,8.8862
1298,3,1.65809,6.61902,0.615971,8.89309
1299,3,1.65912,6.62422,0.616219,8.89956
1300,3,1.66051,6.62995,0.616597,8.90706
1301,3,1.66189,6.63491,0.617055,8.91385
1302,3,1.6635,6.63987,0.617365,8.92073
1303,3,1.66476,6.6445,0.617805,8.92706
1304,3,1.66585,6.64928,0.618229,8.93336
1305,3,1.66814,6.65755,0.620565,8.94625
1306,3,1.67213,6.66411,0.621468,8.95771
1307,3,1.6739,6.66982,0.623016,8.96673
1308,3,1.6751,6.67427,0.623536,8.97291
1309,3,1.67643,6.67908,0.6239,8.97941
1310,3,1.67766,6.6845,0.624235,8.98639
1311,3,1.67859,6.69031,0.624611,8.99352
1312,3,1.67999,6.69591,0.624982,9.00087
1313,3,1.68116,6.70124,0.625483,9.00788
1314,3,1.68272,6.70618,0.625812,9.01472
1315,3,1.68532,6.71337,0.626431,9.02512
1316,3,1.68701,6.71919,0.626938,9.03314
1317,3,1.68845,6.72464,0.627471,9.04056
1318,3,1.68964,6.7318,0.627866,9.04931
1319,3,1.69091,6.73785,0.628457,9.05722
1320,3,1.69244,6.74299,0.628904,9.06433
1321,3,1.69328,6.74834,0.629358,9.07098
1322,3,1.69421,6.75408,0.629708,9.078
1323,3,1.69545,6.75913,0.630102,9.08468
1324,3,1.69686,6.76411,0.630545,9.09151
1325,3,1.69792,6.76962,0.631064,9.09861
1326,3,1.7008,6.77272,0.631726,9.10525
1327,3,1.70204,6.77697,0.632063,9.11107
1328,3,1.70321,6.78216,0.632537,9.11791
1329,3,1.70449,6.78718,0.632953,9.12463
1330,3,1.70546,6.79221,0.633355,9.13102
1331,3,1.7063,6.79742,0.633718,9.13744
1332,3,1.70754,6.80189,0.634145,9.14358
1333,3,1.70894,6.80646,0.634541,9.14994
1334,3,1.71054,6.81268,0.635359,9.15858
1335,3,1.71203,6.81784,0.635782,9.16566
1336,3,1.7139,6.82274,0.636138,9.17278
1337,3,1.71503,6.82786,0.636591,9.17948
1338,3,1.7164,6.83347,0.63708,9.18695
1339,3,1.71851,6.84905,0.638296,9.20586
1340,3,1.71919,6.8544,0.638643,9.21223
1341,3,1.72042,6.85969,0.639354,9.21947
1342,3,1.72172,6.86481,0.639878,9.22641
1343,3,1.72298,6.86962,0.640246,9.23285
1344,3,1.72424,6.87453,0.640664,9.23943
1345,3,1.72569,6.8793,0.64103,9.24602
1346,3,1.72708,6.88413,0.641429,9.25264
1347,3,1.72817,6.88933,0.641776,9.25927
1348,3,1.73013,6.89828,0.642065,9.27048
1349,3,1.73136,6.90485,0.642423,9.27863
1350,3,1.73266,6.91081,0.642876,9.28635
1351,3,1.73445,6.91643,0.643422,9.29431
1352,3,1.73617,6.92369,0.644047,9.30391
1353,3,1.73745,6.92895,0.644494,9.3109
1354,3,1.73876,6.9342,0.644888,9.31785
1355,3,1.73961,6.93967,0.645188,9.32447
1356,3,1.74106,6.94426,0.645364,9.33069
1357,3,1.7422,6.94935,0.645781,9.33733
1358,3,1.74363,6.95346,0.646266,9.34336
1359,3,1.74475,6.95855,0.646722,9.35003
1360,3,1.74603,6.96305,0.647107,9.35618
1361,3,1.74719,6.96776,0.647388,9.36234
1362,3,1.74826,6.97273,0.647958,9.36895
1363,3,1.74987,6.97874,0.648363,9.37697
1364,3,1.75137,6.98364,0.648842,9.38385
1365,3,1.75232,6.98942,0.649118,9.39085
1366,3,1.7533,6.9952,0.649357,9.39786
1367,3,1.75506,7.00123,0.649925,9.40622
1368,3,1.75878,7.01416,0.654239,9.42718
1369,3,1.75924,7.01995,0.654695,9.43388
1370,3,1.75988,7.02633,0.655552,9.44176
1371,3,1.76117,7.0313,0.655865,9.44834
1372,3,1.76221,7.03604,0.656367,9.45462
1373,3,1.76389,7.04065,0.656817,9.46136
1374,3,1.76538,7.04612,0.657321,9.46882
1375,3,1.76648,7.05174,0.657721,9.47595
1376,3,1.76742,7.05723,0.658176,9.48283
1377,3,1.77004,7.06425,0.658679,9.49297
1378,3,1.77165,7.07019,0.659181,9.50102
1379,3,1.77334,7.07587,0.659559,9.50877
1380,3,1.77493,7.0819,0.659893,9.51673
1381,3,1.77595,7.08796,0.660227,9.52414
1382,3,1.77734,7.0933,0.660614,9.53126
1383,3,1.77842,7.09795,0.661204,9.53758
1384,3,1.77956,7.10245,0.661635,9.54365
1385,3,1.7806,7.10743,0.662043,9.55008
1386,3,1.78153,7.11351,0.662427,9.55746
1387,3,1.78285,7.11786,0.662861,9.56357
1388,3,1.78402,7.12235,0.663234,9.5696
1389,3,1.78521,7.12697,0.663705,9.57588
1390,3,1.78645,7.13162,0.664124,9.5822
1391,3,1.7876,7.13629,0.664431,9.58832
1392,3,1.78855,7.14094,0.664772,9.59426
1393,3,1.7898,7.1457,0.665038,9.60054
1394,3,1.79121,7.15095,0.665419,9.60758
1395,3,1.79274,7.15652,0.665872,9.61514
1396,3,1.7947,7.16127,0.666619,9.62259
1397,3,1.79677,7.16558,0.667105,9.62945
1398,3,1.79856,7.17114,0.667561,9.63726
1399,3,1.79923,7.17762,0.667922,9.64477
1400,3,1.80127,7.18415,0.668826,9.65425
1401,3,1.80374,7.19036,0.669349,9.66345
1402,3,1.80624,7.19459,0.669706,9.67054
1403,3,1.80765,7.20028,0.670388,9.67831
1404,3,1.80927,7.20691,0.671148,9.68733
1405,3,1.81057,7.21304,0.671985,9.69559
1406,3,1.81219,7.21973,0.67242,9.70435
1407,3,1.81417,7.22757,0.67289,9.71463
1408,3,1.81595,7.23229,0.673495,9.72173
1409,3,1.81721,7.23791,0.674001,9.72912
1410,3,1.81823,7.24231,0.674426,9.73496
1411,3,1.81956,7.24698,0.674861,9.7414
1412,3,1.82079,7.25146,0.675177,9.74743
1413,3,1.82164,7.25654,0.675688,9.75386
1414,3,1.82278,7.26111,0.676129,9.76002
1415,3,1.82399,7.26567,0.676519,9.76618
1416,3,1.82516,7.27035,0.676891,9.7724
1417,3,1.82623,7.27499,0.677278,9.77849
1418,3,1.82721,7.28005,0.677858,9.78512
1419,3,1.82845,7.28526,0.678313,9.79202
1420,3,1.82954,7.29027,0.678641,9.79844
1421,3,1.83052,7.29506,0.679046,9.80463
1422,3,1.83156,7.29975,0.679284,9.81059
1423,3,1.83242,7.30513,0.679603,9.81715
1424,3,1.83326,7.3099,0.680001,9.82316
1425,3,1.83426,7.31494,0.680476,9.82968
1426,3,1.83555,7.31967,0.680734,9.83596
1427,3,1.83669,7.32398,0.681079,9.84175
1428,3,1.83788,7.32852,0.681517,9.84792
1429,3,1.83885,7.33296,0.681884,9.85369
1430,3,1.84001,7.33722,0.682264,9.85949
1431,3,1.84112,7.34175,0.682734,9.86561
1432,3,1.84215,7.34637,0.683221,9.87174
1433,3,1.84309,7.35068,0.6835,9.87728
1434,3,1.84416,7.35511,0.683916,9.88318
1435,3,1.84497,7.36005,0.684224,9.88925
1436,3,1.84598,7.36484,0.684859,9.89567
1437,3,1.84712,7.36987,0.685239,9.90223
1438,3,1.84841,7.37426,0.685646,9.90832
1439,3,1.8496,7.37872,0.685987,9.9143
1440,3,1.85072,7.38336,0.686365,9.92045
1441,3,1.85176,7.38806,0.686733,9.92655
1442,3,1.85287,7.39303,0.687128,9.93302
1443,3,1.854,7.39753,0.687434,9.93896
1444,3,1.85507,7.40202,0.687668,9.94475
1445,3,1.85647,7.40654,0.688031,9.95104
1446,3,1.85772,7.41084,0.688492,9.95705
1447,3,1.86174,7.4138,0.688874,9.96442
1448,3,1.86295,7.41837,0.689177,9.9705
1449,3,1.8637,7.42354,0.689419,9.97666
1450,3,1.8647,7.4279,0.689722,9.98232
1451,3,1.86566,7.43267,0.689905,9.98824
1452,3,1.86657,7.43742,0.690226,9.99422
1453,3,1.86743,7.44255,0.690428,10.0004
1454,3,1.86841,7.44786,0.690799,10.0071
1455,3,1.86935,7.45231,0.691154,10.0128
1456,3,1.87047,7.45729,0.691552,10.0193
1457,3,1.87151,7.46239,0.692246,10.0261
1458,3,1.8727,7.46659,0.692619,10.0319
1459,3,1.87386,7.47094,0.693086,10.0379
1460,3,1.87499,7.47566,0.693493,10.0441
1461,3,1.87614,7.48015,0.693771,10.0501
1462,3,1.8773,7.48476,0.694106,10.0562
1463,3,1.87854,7.49071,0.694422,10.0637
1464,3,1.87945,7.49586,0.694856,10.0702
1465,3,1.88083,7.50049,0.695271,10.0766
1466,3,1.8826,7.50577,0.695692,10.0841
1467,3,1.88447,7.51135,0.696138,10.092
1468,3,1.88587,7.51707,0.69672,10.0997
1469,3,1.88717,7.52268,0.697846,10.1077
1470,3,1.88866,7.52864,0.698461,10.1158
1471,3,1.89017,7.53358,0.698687,10.1224
1472,3,1.8917,7.53884,0.698994,10.1295
1473,3,1.89289,7.54404,0.699309,10.1362
1474,3,1.89389,7.54926,0.699621,10.1428
1475,3,1.89487,7.55413,0.699878,10.1489
1476,3,1.89581,7.55894,0.700433,10.1552
1477,3,1.8969,7.56388,0.700796,10.1616
1478,3,1.8981,7.56888,0.701267,10.1682
1479,3,1.89913,7.57414,0.701896,10.1752
1480,3,1.9003,7.57873,0.702925,10.182
1481,3,1.90153,7.58349,0.703204,10.1882
1482,3,1.90239,7.58854,0.703528,10.1945
1483,3,1.90393,7.59314,0.703968,10.201
1484,3,1.90591,7.5981,0.704416,10.2084
1485,3,1.90699,7.60331,0.704698,10.215
1486,3,1.90839,7.60814,0.705092,10.2216
1487,3,1.90932,7.61305,0.705518,10.2279
1488,3,1.91067,7.61766,0.705974,10.2343
1489,3,1.91176,7.62239,0.706357,10.2405
1490,3,1.91298,7.62708,0.706799,10.2469
1491,3,1.91433,7.63142,0.707187,10.2529
1492,3,1.91536,7.63642,0.707442,10.2592
1493,3,1.9165,7.64111,0.707751,10.2654
1494,3,1.91778,7.64554,0.708104,10.2714
1495,3,1.91894,7.6499,0.7084,10.2772
1496,3,1.91999,7.65452,0.708783,10.2833
1497,3,1.9211,7.65894,0.709201,10.2892
1498,3,1.92228,7.66351,0.709514,10.2953
1499,3,1.92309,7.66846,0.709974,10.3015
1500,3,1.9242,7.6734,0.710773,10.3084
1501,3,1.92553,7.67795,0.711066,10.3145
1502,3,1.92674,7.68306,0.711303,10.3211
1503,3,1.92801,7.68789,0.711644,10.3275
1504,3,1.92884,7.69367,0.712234,10.3347
1505,3,1.93006,7.69804,0.712715,10.3408
1506,3,1.93136,7.70233,0.712967,10.3467
1507,3,1.93229,7.70827,0.713248,10.3538
1508,3,1.93353,7.71337,0.713494,10.3604
1509,3,1.93471,7.71815,0.714055,10.3669
1510,3,1.93579,7.72292,0.714851,10.3736
1511,3,1.93697,7.72773,0.715682,10.3804
1512,3,1.9382,7.7325,0.716022,10.3867
1513,3,1.93937,7.73726,0.716354,10.393
1514,3,1.94048,7.74214,0.716723,10.3993
1515,3,1.94181,7.74693,0.717043,10.4058
1516,3,1.94316,7.75161,0.717523,10.4123
1517,3,1.94447,7.75641,0.717853,10.4187
1518,3,1.94604,7.76111,0.718236,10.4254
1519,3,1.9477,7.76683,0.718745,10.4333
1520,3,1.94931,7.77226,0.719134,10.4407
1521,3,1.95091,7.77773,0.719502,10.4481
1522,3,1.95223,7.78327,0.719991,10.4555
1523,3,1.95348,7.78891,0.720244,10.4626
1524,3,1.95461,7.79465,0.720517,10.4698
1525,3,1.95532,7.80068,0.720782,10.4768
1526,3,1.95652,7.80523,0.721164,10.4829
1527,3,1.95789,7.80996,0.721459,10.4893
1528,3,1.95905,7.81438,0.721964,10.4954
1529,3,1.96052,7.81869,0.722338,10.5015
1530,3,1.96182,7.82317,0.722798,10.5078
1531,3,1.96273,7.82811,0.723271,10.5141
1532,3,1.96352,7.83349,0.72357,10.5206
1533,3,1.96462,7.83787,0.724003,10.5265
1534,3,1.96547,7.84316,0.724394,10.533
1535,3,1.96674,7.84822,0.724957,10.5399
1536,3,1.96773,7.85281,0.72534,10.5459
1537,3,1.96906,7.85771,0.725828,10.5526
1538,3,1.9697,7.86313,0.726201,10.559
1539,3,1.97097,7.86793,0.72666,10.5656
1540,3,1.9722,7.8726,0.727061,10.5719
1541,3,1.97321,7.87736,0.727321,10.5779
1542,3,1.97429,7.88204,0.72787,10.5842
1543,3,1.97676,7.88612,0.728234,10.5911
1544,3,1.97809,7.8906,0.728541,10.5972
1545,3,1.97946,7.89512,0.729056,10.6036
1546,3,1.98064,7.89972,0.729381,10.6097
1547,3,1.98186,7.90446,0.729846,10.6162
1548,3,1.9831,7.90901,0.730414,10.6225
1549,3,1.984,7.91386,0.730745,10.6286
1550,3,1.98488,7.91916,0.730961,10.635
1551,3,1.98585,7.92391,0.73128,10.641
1552,3,1.98689,7.92842,0.731559,10.6469
1553,3,1.98782,7.93342,0.731986,10.6532
1554,3,1.98909,7.93776,0.732412,10.6593
1555,3,1.99012,7.9426,0.732801,10.6655
1556,3,1.99193,7.9467,0.733187,10.6718
1557,3,1.99304,7.95152,0.733465,10.678
1558,3,1.9939,7.95635,0.733749,10.684
1559,3,1.99469,7.96156,0.73426,10.6905
1560,3,1.99572,7.96624,0.734611,10.6966
1561,3,1.99645,7.9718,0.73503,10.7033
1562,3,1.99769,7.97638,0.735489,10.7096
1563,3,1.99876,7.98125,0.735753,10.7158
1564,3,2.00003,7.98572,0.736051,10.7218
1565,3,2.00115,7.99085,0.736455,10.7285
1566,3,2.00233,7.99584,0.736948,10.7351
1567,3,2.00358,8.00042,0.737299,10.7413
1568,3,2.00503,8.00517,0.739091,10.7493
1569,3,2.00586,8.01021,0.739515,10.7556
1570,3,2.0069,8.01496,0.739796,10.7617
1571,3,2.00802,8.01946,0.74017,10.7677
1572,3,2.00935,8.02386,0.740636,10.7738
1573,3,2.01068,8.029,0.740982,10.7807
1574,3,2.0117,8.0341,0.741345,10.7871
1575,3,2.01278,8.03883,0.741771,10.7934
1576,3,2.01401,8.0435,0.742133,10.7996
1577,3,2.01517,8.04819,0.742592,10.806
1578,3,2.01637,8.05286,0.743031,10.8123
1579,3,2.01766,8.05732,0.743383,10.8184
1580,3,2.02004,8.06356,0.74389,10.8275
1581,3,2.02122,8.0688,0.744198,10.8342
1582,3,2.02239,8.07379,0.744625,10.8408
1583,3,2.02437,8.0813,0.744999,10.8507
1584,3,2.02555,8.08694,0.745261,10.8578
1585,3,2.02701,8.09251,0.7457,10.8652
1586,3,2.02791,8.09949,0.746195,10.8736
1587,3,2.02974,8.1043,0.746619,10.8807
1588,3,2.03106,8.10931,0.746862,10.8872
1589,3,2.03247,8.11453,0.747363,10.8944
1590,3,2.0337,8.12018,0.747756,10.9016
1591,3,2.03447,8.12586,0.748323,10.9086
1592,3,2.03575,8.13041,0.748689,10.9148
1593,3,2.03703,8.13488,0.749146,10.9211
1594,3,2.03796,8.14005,0.749583,10.9276
1595,3,2.03929,8.14455,0.749948,10.9338
1596,3,2.04038,8.14895,0.750278,10.9396
1597,3,2.04155,8.15337,0.750679,10.9456
1598,3,2.04323,8.16077,0.751141,10.9551
1599,3,2.04451,8.16623,0.75158,10.9623
1600,3,2.04542,8.17258,0.751961,10.97
1601,3,2.04612,8.17826,0.752234,10.9766
1602,3,2.04729,8.1829,0.752622,10.9828
1603,3,2.04835,8.18795,0.753082,10.9894
1604,3,2.04962,8.19237,0.7536,10.9956
1605,3,2.05094,8.19674,0.753984,11.0017
1606,3,2.05209,8.20168,0.754434,11.0082
1607,3,2.05339,8.20654,0.754952,11.0149
1608,3,2.05444,8.21194,0.755303,11.0217
1609,3,2.0556,8.21709,0.755772,11.0285
1610,3,2.05707,8.22151,0.756279,11.0349
1611,3,2.05818,8.22618,0.756582,11.0409
1612,3,2.05924,8.2308,0.75688,11.0469
1613,3,2.06025,8.23537,0.757198,11.0528
1614,3,2.06112,8.2406,0.757643,11.0594
1615,3,2.06235,8.24644,0.758687,11.0675
1616,3,2.06367,8.25765,0.759081,11.0804
1617,3,2.06482,8.26319,0.759882,11.0879
1618,3,2.06801,8.2697,0.760351,11.0981
1619,3,2.06946,8.27537,0.762489,11.1073
1620,3,2.07075,8.28029,0.762774,11.1138
1621,3,2.07177,8.28512,0.763073,11.12
1622,3,2.0732,8.28936,0.763479,11.126
1623,3,2.07428,8.29483,0.763839,11.1329
1624,3,2.07557,8.29946,0.76437,11.1394
1625,3,2.07689,8.30431,0.764841,11.1461
1626,3,2.07822,8.30916,0.765327,11.1527
1627,3,2.07943,8.31395,0.765715,11.1591
1628,3,2.08087,8.32178,0.767411,11.1701
1629,3,2.08233,8.32642,0.767804,11.1766
1630,3,2.08372,8.33139,0.768278,11.1834
1631,3,2.08501,8.33651,0.768529,11.1901
1632,3,2.08736,8.34084,0.768993,11.1972
1633,3,2.08914,8.34788,0.769607,11.2066
1634,3,2.09066,8.35269,0.769961,11.2133
1635,3,2.0922,8.3582,0.770411,11.2208
1636,3,2.09379,8.36336,0.770962,11.2281
1637,3,2.09512,8.36871,0.773036,11.2369
1638,3,2.09627,8.37349,0.77336,11.2431
1639,3,2.09715,8.37909,0.776862,11.2531
1640,3,2.0982,8.38385,0.777195,11.2592
1641,3,2.09908,8.38943,0.777558,11.2661
1642,3,2.10006,8.39447,0.777956,11.2725
1643,3,2.10119,8.40006,0.778453,11.2797
1644,3,2.10289,8.40761,0.779219,11.2897
1645,3,2.10497,8.41467,0.784073,11.3037
1646,3,2.10781,8.42459,0.784771,11.3172
1647,3,2.10844,8.42942,0.785148,11.323
1648,3,2.11145,8.43724,0.785436,11.3341
1649,3,2.11281,8.4431,0.78612,11.342
1650,3,2.11784,8.45109,0.789468,11.3584
1651,3,2.11886,8.46035,0.78982,11.369
1652,3,2.12068,8.46615,0.790251,11.3771
1653,3,2.12168,8.47246,0.790628,11.3848
1654,3,2.1227,8.47961,0.79094,11.3932
1655,3,2.12367,8.48485,0.791399,11.3999
1656,3,2.12477,8.48993,0.791663,11.4064
1657,3,2.12589,8.49493,0.792068,11.4129
1658,3,2.12663,8.50029,0.792552,11.4195
1659,3,2.12797,8.50526,0.792847,11.4261
1660,3,2.12906,8.51133,0.793096,11.4335
1661,3,2.13023,8.51709,0.793395,11.4407
1662,3,2.1313,8.52292,0.793674,11.4479
1663,3,2.13244,8.52742,0.794022,11.4539
1664,3,2.13319,8.53305,0.794302,11.4605
1665,3,2.13412,8.53794,0.79465,11.4667
1666,3,2.13512,8.54289,0.795393,11.4734
1667,3,2.13625,8.54778,0.795764,11.4798
1668,3,2.13755,8.55215,0.796367,11.4861
1669,3,2.13874,8.55705,0.796801,11.4926
1670,3,2.13997,8.56153,0.797146,11.4986
1671,3,2.14096,8.56623,0.797496,11.5047
1672,3,2.14169,8.57209,0.797948,11.5117
1673,3,2.14234,8.57834,0.798186,11.5189
1674,3,2.14346,8.5831,0.798481,11.525
1675,3,2.14527,8.58914,0.799352,11.5338
1676,3,2.14704,8.59437,0.799801,11.5412
1677,3,2.14817,8.60253,0.80028,11.551
1678,3,2.14967,8.60717,0.800684,11.5575
1679,3,2.15039,8.61279,0.801079,11.5643
1680,3,2.15245,8.618,0.801692,11.5721
1681,3,2.15369,8.6224,0.802138,11.5782
1682,3,2.15514,8.62861,0.802748,11.5865
1683,3,2.1567,8.63449,0.803076,11.5943
1684,3,2.15882,8.64126,0.80579,11.6059
1685,3,2.16022,8.6467,0.806439,11.6134
1686,3,2.16176,8.65369,0.807152,11.6226
1687,3,2.16382,8.66065,0.807959,11.6324
1688,3,2.16529,8.6661,0.808335,11.6397
1689,3,2.1671,8.67123,0.808753,11.6471
1690,3,2.16832,8.67565,0.80915,11.6531
1691,3,2.16966,8.67988,0.809579,11.6591
1692,3,2.17099,8.68482,0.809916,11.6657
1693,3,2.17189,8.69069,0.810183,11.6728
1694,3,2.17297,8.69538,0.810533,11.6789
1695,3,2.17371,8.70059,0.810849,11.6852
1696,3,2.17488,8.70483,0.811286,11.691
1697,3,2.17606,8.70925,0.811689,11.697
1698,3,2.17695,8.71396,0.81202,11.7029
1699,3,2.17821,8.71816,0.812399,11.7088
1700,3,2.17948,8.72367,0.812663,11.7158
1701,3,2.18062,8.72921,0.812997,11.7228
1702,3,2.18174,8.73419,0.813233,11.7292
1703,3,2.18292,8.73892,0.813552,11.7354
1704,3,2.18357,8.74465,0.813815,11.742
1705,3,2.18479,8.74953,0.814127,11.7484
1706,3,2.18554,8.75499,0.814488,11.755
1707,3,2.18716,8.75881,0.81478,11.7608
1708,3,2.18824,8.76358,0.815143,11.767
1709,3,2.18939,8.76821,0.815613,11.7732
1710,3,2.19034,8.77293,0.816017,11.7793
1711,3,2.19129,8.77765,0.816352,11.7853
1712,3,2.1923,8.78239,0.816701,11.7914
1713,3,2.19366,8.78656,0.817044,11.7973
1714,3,2.19499,8.79202,0.817581,11.8046
1715,3,2.19629,8.79647,0.818118,11.8109
1716,3,2.19742,8.80111,0.818489,11.817
1717,3,2.19852,8.80565,0.818989,11.8232
1718,3,2.19964,8.81009,0.81929,11.829
1719,3,2.20036,8.81529,0.819607,11.8353
1720,3,2.20136,8.82047,0.819969,11.8418
1721,3,2.20273,8.82475,0.82031,11.8478
1722,3,2.20397,8.82906,0.820676,11.8537
1723,3,2.20535,8.83387,0.821016,11.8602
1724,3,2.20635,8.839,0.821249,11.8666
1725,3,2.20757,8.84614,0.821895,11.8756
1726,3,2.20852,8.85156,0.822227,11.8823
1727,3,2.20959,8.85622,0.822519,11.8883
1728,3,2.21084,8.86129,0.82279,11.8949
1729,3,2.21161,8.86675,0.823099,11.9015
1730,3,2.21298,8.87134,0.823496,11.9078
1731,3,2.2141,8.87614,0.823767,11.914
1732,3,2.21528,8.88094,0.824258,11.9205
1733,3,2.21647,8.88592,0.826402,11.9288
1734,3,2.21777,8.89105,0.826739,11.9356
1735,3,2.21872,8.89587,0.827047,11.9416
1736,3,2.21965,8.9011,0.827378,11.9481
1737,3,2.22086,8.90579,0.82783,11.9545
1738,3,2.22193,8.9105,0.828208,11.9606
1739,3,2.22263,8.91566,0.828571,11.9669
1740,3,2.22357,8.92051,0.828832,11.9729
1741,3,2.22472,8.9253,0.829373,11.9794
1742,3,2.22591,8.92992,0.829776,11.9856
1743,3,2.22687,8.9353,0.830303,11.9925
1744,3,2.22789,8.94031,0.830612,11.9988
1745,3,2.229,8.94521,0.830871,12.0051
1746,3,2.2299,8.95049,0.831173,12.0116
1747,3,2.23084,8.95528,0.83157,12.0177
1748,3,2.23174,8.95996,0.832158,12.0239
1749,3,2.23266,8.96462,0.832458,12.0297
1750,3,2.23386,8.96968,0.832939,12.0365
1751,3,2.23505,8.97444,0.833224,12.0427
1752,3,2.23623,8.97882,0.833697,12.0488
1753,3,2.23753,8.98353,0.834039,12.0551
1754,3,2.23835,8.98888,0.834525,12.0617
1755,3,2.23971,8.99336,0.83478,12.0678
1756,3,2.24082,8.99796,0.835124,12.0739
1757,3,2.24204,9.00318,0.835539,12.0808
1758,3,2.24283,9.00862,0.835765,12.0872
1759,3,2.24418,9.01294,0.836166,12.0933
1760,3,2.24514,9.01828,0.836625,12.1
1761,3,2.24643,9.02326,0.836885,12.1066
1762,3,2.24753,9.02744,0.837187,12.1122
1763,3,2.2487,9.03245,0.837471,12.1186
1764,3,2.24967,9.03725,0.837933,12.1249
1765,3,2.25112,9.04155,0.838256,12.1309
1766,3,2.25223,9.0464,0.8386,12.1372
1767,3,2.25308,9.0521,0.838923,12.1441
1768,3,2.25431,9.05679,0.839329,12.1504
1769,3,2.25539,9.06136,0.839813,12.1566
1770,3,2.25657,9.06624,0.840321,12.1631
1771,3,2.25792,9.07076,0.840607,12.1693
1772,3,2.25943,9.07686,0.841028,12.1773
1773,3,2.26117,9.08224,0.842874,12.1863
1774,3,2.26203,9.08761,0.843127,12.1928
1775,3,2.26309,9.09297,0.843697,12.1998
1776,3,2.26417,9.09773,0.844101,12.206
1777,3,2.26526,9.10253,0.844339,12.2121
1778,3,2.26591,9.10844,0.844694,12.219
1779,3,2.26722,9.11344,0.845106,12.2258
