iter,rank,ant_move_s,phen_sync_s,evaporation_s,total_s
1,2,0.00996476,0.00649176,0.0022571,0.0187136
2,2,0.0109356,0.0201888,0.00261464,0.0337391
3,2,0.0121862,0.0284067,0.00334918,0.0439421
4,2,0.0134386,0.0343776,0.00365239,0.0514686
5,2,0.0143029,0.0416364,0.00392106,0.0598604
6,2,0.0158808,0.0473679,0.00441541,0.0676641
7,2,0.0172785,0.0526389,0.00502086,0.0749383
8,2,0.0189043,0.0587884,0.00565442,0.0833471
9,2,0.0203663,0.0642779,0.00623455,0.0908787
10,2,0.0215321,0.0740172,0.00689627,0.102445
11,2,0.0241729,0.0842181,0.00746499,0.115856
12,2,0.0256256,0.0902943,0.00781778,0.123738
13,2,0.0267896,0.0955328,0.00836269,0.130685
14,2,0.0282337,0.102174,0.00895631,0.139364
15,2,0.0296286,0.10702,0.00960753,0.146256
16,2,0.0309016,0.112635,0.00996633,0.153503
17,2,0.0319601,0.117803,0.010342,0.160105
18,2,0.0329631,0.122924,0.0106609,0.166548
19,2,0.0339399,0.128557,0.0112368,0.173734
20,2,0.0351889,0.133143,0.0117613,0.180093
21,2,0.0364564,0.138176,0.0121327,0.186766
22,2,0.0378783,0.14308,0.0124199,0.193378
23,2,0.0389075,0.14846,0.0126912,0.200058
24,2,0.0400317,0.153272,0.0130625,0.206366
25,2,0.0410269,0.158491,0.0134092,0.212927
26,2,0.0418857,0.166409,0.0137402,0.222035
27,2,0.0429948,0.171384,0.014228,0.228607
28,2,0.0440223,0.176445,0.0147621,0.23523
29,2,0.0452049,0.181768,0.0151525,0.242125
30,2,0.0461095,0.187276,0.0154034,0.248788
31,2,0.0470947,0.192593,0.0157506,0.255438
32,2,0.0482421,0.197513,0.0163403,0.262096
33,2,0.0492387,0.202844,0.0169019,0.268985
34,2,0.0504684,0.208086,0.0173041,0.275858
35,2,0.0518514,0.21387,0.0177639,0.283486
36,2,0.0529574,0.218946,0.0180366,0.28994
37,2,0.0542113,0.223902,0.018571,0.296685
38,2,0.0554019,0.22891,0.019002,0.303314
39,2,0.0564415,0.233638,0.0193555,0.309436
40,2,0.0576634,0.238306,0.0197086,0.315678
41,2,0.0589047,0.24307,0.0200385,0.322013
42,2,0.0599589,0.248038,0.0205134,0.328511
43,2,0.0613155,0.252861,0.0210324,0.335209
44,2,0.0625374,0.257704,0.0214241,0.341665
45,2,0.0637668,0.262502,0.0216666,0.347935
46,2,0.0650505,0.26688,0.0219981,0.353929
47,2,0.066325,0.271534,0.0223552,0.360214
48,2,0.0674326,0.276077,0.0227498,0.366259
49,2,0.0684854,0.280494,0.0231944,0.372174
50,2,0.0695945,0.28532,0.0235015,0.378416
51,2,0.0705371,0.290091,0.0238995,0.384528
52,2,0.0718899,0.294637,0.0243485,0.390876
53,2,0.0731689,0.299116,0.0246665,0.396951
54,2,0.0743611,0.303695,0.0250225,0.403079
55,2,0.0754487,0.30811,0.0255389,0.409097
56,2,0.0765354,0.312434,0.0260339,0.415003
57,2,0.0778507,0.317433,0.0263909,0.421674
58,2,0.0789679,0.322423,0.0265925,0.427983
59,2,0.0801663,0.327212,0.0270611,0.43444
60,2,0.0814508,0.332734,0.0281935,0.442378
61,2,0.0829519,0.337288,0.0287037,0.448944
62,2,0.0840849,0.341777,0.0290243,0.454887
63,2,0.0852833,0.346838,0.0294706,0.461592
64,2,0.0865554,0.351347,0.0299543,0.467857
65,2,0.0877248,0.355549,0.0303042,0.473578
66,2,0.0890411,0.360522,0.0307714,0.480334
67,2,0.0900807,0.365137,0.0311343,0.486352
68,2,0.0912971,0.370316,0.0319077,0.49352
69,2,0.0925198,0.374875,0.0323169,0.499712
70,2,0.093751,0.379105,0.0327694,0.505626
71,2,0.0949233,0.38384,0.0333477,0.512111
72,2,0.0958796,0.388411,0.033677,0.517968
73,2,0.0969188,0.393006,0.0341216,0.524046
74,2,0.0980739,0.397328,0.0344426,0.529845
75,2,0.0993443,0.401548,0.0348704,0.535763
76,2,0.100391,0.406271,0.035254,0.541916
77,2,0.101458,0.41121,0.0357027,0.548371
78,2,0.102888,0.416166,0.0362135,0.555267
79,2,0.103954,0.420998,0.0365355,0.561487
80,2,0.105072,0.425283,0.036977,0.567332
81,2,0.106311,0.429755,0.0372899,0.573355
82,2,0.107522,0.434224,0.0376452,0.579391
83,2,0.108396,0.438893,0.0380515,0.58534
84,2,0.109585,0.443082,0.0385983,0.591265
85,2,0.110864,0.447562,0.0389563,0.597383
86,2,0.112111,0.452292,0.0393499,0.603753
87,2,0.113112,0.457363,0.0399557,0.610431
88,2,0.11427,0.461937,0.0403835,0.61659
89,2,0.115718,0.466332,0.0408153,0.622865
90,2,0.11691,0.470632,0.0412252,0.628767
91,2,0.118084,0.475591,0.0415346,0.635209
92,2,0.119203,0.480482,0.0419347,0.64162
93,2,0.12037,0.484831,0.0424111,0.647612
94,2,0.121638,0.489755,0.0428812,0.654274
95,2,0.122846,0.494538,0.0431452,0.660529
96,2,0.123855,0.49908,0.0436394,0.666574
97,2,0.12519,0.503245,0.0440731,0.672508
98,2,0.1263,0.508228,0.0445899,0.679118
99,2,0.127385,0.512933,0.0450519,0.68537
100,2,0.12865,0.517446,0.0453512,0.691447
101,2,0.129574,0.522596,0.0456559,0.697826
102,2,0.130721,0.527127,0.0460733,0.703921
103,2,0.131986,0.531382,0.0465394,0.709907
104,2,0.133197,0.535634,0.0469125,0.715744
105,2,0.13432,0.540178,0.0473442,0.721842
106,2,0.135338,0.544862,0.0477623,0.727962
107,2,0.136409,0.549924,0.0480326,0.734365
108,2,0.137572,0.554615,0.0484015,0.740588
109,2,0.138649,0.559538,0.0486381,0.746826
110,2,0.139812,0.564083,0.0489177,0.752812
111,2,0.14097,0.568617,0.0493224,0.758909
112,2,0.142172,0.573286,0.0496587,0.765117
113,2,0.143316,0.577691,0.0501201,0.771127
114,2,0.144312,0.582168,0.050449,0.776928
115,2,0.1454,0.586694,0.0509347,0.783028
116,2,0.146544,0.591203,0.0511513,0.788899
117,2,0.1478,0.595685,0.0516141,0.795099
118,2,0.148927,0.600191,0.052045,0.801163
119,2,0.150031,0.605083,0.0523749,0.807488
120,2,0.151139,0.61056,0.0526723,0.81437
121,2,0.152324,0.615457,0.053237,0.821018
122,2,0.153608,0.62021,0.0535108,0.827329
123,2,0.15466,0.625079,0.0540299,0.833769
124,2,0.155947,0.629809,0.0545545,0.84031
125,2,0.157106,0.634455,0.0549167,0.846478
126,2,0.1582,0.638848,0.0553559,0.852404
127,2,0.159327,0.643331,0.0556624,0.85832
128,2,0.160476,0.648148,0.0562668,0.864891
129,2,0.161733,0.65254,0.0566415,0.870914
130,2,0.162973,0.657095,0.0570368,0.877105
131,2,0.164083,0.662079,0.0580479,0.884211
132,2,0.165339,0.666304,0.0584613,0.890104
133,2,0.166517,0.670981,0.0588152,0.896314
134,2,0.167719,0.675788,0.059214,0.902721
135,2,0.168658,0.681885,0.0595859,0.910129
136,2,0.169816,0.687043,0.059984,0.916844
137,2,0.170954,0.691484,0.06026,0.922698
138,2,0.171969,0.695956,0.0606496,0.928574
139,2,0.172989,0.701216,0.0610261,0.935231
140,2,0.17396,0.706199,0.0614913,0.94165
141,2,0.175564,0.710067,0.061897,0.947528
142,2,0.176631,0.714894,0.0621475,0.953672
143,2,0.177613,0.719958,0.0624799,0.960051
144,2,0.178675,0.724721,0.0628771,0.966273
145,2,0.179608,0.729683,0.0633159,0.972607
146,2,0.180976,0.734315,0.0637514,0.979043
147,2,0.182349,0.738816,0.0640749,0.98524
148,2,0.183515,0.743319,0.0643288,0.991163
149,2,0.184436,0.747965,0.0647126,0.997114
150,2,0.185774,0.752391,0.0651767,1.00334
151,2,0.186911,0.757324,0.0654981,1.00973
152,2,0.187989,0.762151,0.0657954,1.01593
153,2,0.189029,0.766769,0.0661744,1.02197
154,2,0.190341,0.771217,0.0666453,1.0282
155,2,0.191622,0.775815,0.0670912,1.03453
156,2,0.192714,0.780587,0.0689224,1.04222
157,2,0.193858,0.785253,0.0694339,1.04854
158,2,0.195073,0.79091,0.0697973,1.05578
159,2,0.196191,0.795725,0.0702425,1.06216
160,2,0.197275,0.800206,0.070631,1.06811
161,2,0.198332,0.805302,0.0711027,1.07474
162,2,0.199251,0.809716,0.0714711,1.08044
163,2,0.200459,0.814362,0.0717536,1.08657
164,2,0.201512,0.818914,0.0721309,1.09256
165,2,0.202629,0.823848,0.0723594,1.09884
166,2,0.203565,0.82906,0.0726873,1.10531
167,2,0.204554,0.833824,0.0729758,1.11135
168,2,0.205485,0.838484,0.0733389,1.11731
169,2,0.206732,0.842922,0.0737449,1.1234
170,2,0.207971,0.847355,0.0740953,1.12942
171,2,0.208726,0.852257,0.0744329,1.13542
172,2,0.209843,0.85722,0.0747187,1.14178
173,2,0.21081,0.861876,0.0750218,1.14771
174,2,0.211759,0.866385,0.0753773,1.15352
175,2,0.213003,0.870643,0.0756875,1.15933
176,2,0.214137,0.875295,0.0760245,1.16546
177,2,0.215225,0.880049,0.076324,1.1716
178,2,0.216286,0.88511,0.0767141,1.17811
179,2,0.217409,0.88991,0.0774135,1.18473
180,2,0.218668,0.894788,0.077905,1.19136
181,2,0.220017,0.900286,0.0784003,1.1987
182,2,0.221138,0.905251,0.078789,1.20518
183,2,0.222179,0.910214,0.0790837,1.21148
184,2,0.223367,0.915148,0.0793963,1.21791
185,2,0.224495,0.922167,0.07992,1.22658
186,2,0.225465,0.926909,0.0804149,1.23279
187,2,0.226626,0.931376,0.0806965,1.2387
188,2,0.227783,0.935986,0.0811358,1.2449
189,2,0.229065,0.940356,0.0815408,1.25096
190,2,0.23029,0.945213,0.0817582,1.25726
191,2,0.231203,0.949823,0.082176,1.2632
192,2,0.232236,0.954372,0.0825385,1.26915
193,2,0.233293,0.959039,0.0827809,1.27511
194,2,0.234465,0.963409,0.0831834,1.28106
195,2,0.235705,0.96769,0.0835945,1.28699
196,2,0.236852,0.972596,0.0838666,1.29331
197,2,0.238338,0.976791,0.0842242,1.29935
198,2,0.239518,0.981254,0.0845952,1.30537
199,2,0.240648,0.985871,0.0849133,1.31143
200,2,0.241869,0.990074,0.085333,1.31728
201,2,0.242998,0.994615,0.0857459,1.32336
202,2,0.244094,0.999409,0.0860833,1.32959
203,2,0.245416,1.00445,0.0866652,1.33654
204,2,0.246578,1.00914,0.0882188,1.34393
205,2,0.247756,1.01357,0.0886151,1.34994
206,2,0.248871,1.01814,0.0890305,1.35605
207,2,0.249993,1.02313,0.0893721,1.36249
208,2,0.251162,1.02751,0.0900255,1.36869
209,2,0.252191,1.03228,0.0904951,1.37497
210,2,0.253283,1.037,0.0909475,1.38123
211,2,0.254891,1.0418,0.0914757,1.38817
212,2,0.25603,1.0461,0.09191,1.39404
213,2,0.257144,1.05072,0.0923581,1.40023
214,2,0.25855,1.0553,0.0926553,1.4065
215,2,0.259876,1.05969,0.0930151,1.41258
216,2,0.260899,1.06434,0.0933997,1.41864
217,2,0.261865,1.06932,0.0936508,1.42483
218,2,0.262966,1.0739,0.0940225,1.43088
219,2,0.264035,1.07894,0.0943238,1.4373
220,2,0.265239,1.08359,0.0946832,1.44351
221,2,0.266283,1.08815,0.0951284,1.44956
222,2,0.267567,1.09274,0.0954743,1.45578
223,2,0.268726,1.09715,0.0958878,1.46176
224,2,0.269976,1.10218,0.0961839,1.46834
225,2,0.271242,1.10705,0.0965244,1.47482
226,2,0.272322,1.11181,0.0969576,1.48109
227,2,0.273408,1.11665,0.097285,1.48735
228,2,0.274614,1.12128,0.0976782,1.49357
229,2,0.275596,1.12607,0.0981126,1.49977
230,2,0.276741,1.13108,0.0984669,1.50629
231,2,0.277827,1.13546,0.0989234,1.51221
232,2,0.278992,1.14001,0.0992621,1.51827
233,2,0.280031,1.14494,0.0994896,1.52446
234,2,0.281009,1.14985,0.100103,1.53096
235,2,0.282076,1.15439,0.100432,1.5369
236,2,0.283173,1.15891,0.100781,1.54286
237,2,0.283981,1.16374,0.101126,1.54885
238,2,0.285126,1.16843,0.101611,1.55516
239,2,0.286381,1.17304,0.1021,1.56152
240,2,0.287399,1.17821,0.102581,1.56819
241,2,0.288867,1.18249,0.103163,1.57452
242,2,0.290226,1.18875,0.107202,1.58618
243,2,0.291895,1.19476,0.107582,1.59424
244,2,0.293129,1.19961,0.108121,1.60086
245,2,0.294359,1.20433,0.108339,1.60702
246,2,0.295419,1.20885,0.108641,1.61291
247,2,0.296715,1.21321,0.109093,1.61902
248,2,0.298156,1.21793,0.109435,1.62552
249,2,0.299309,1.22281,0.1098,1.63191
250,2,0.300392,1.2275,0.110162,1.63805
251,2,0.301647,1.23301,0.110823,1.64548
252,2,0.302531,1.23782,0.111228,1.65158
253,2,0.303824,1.24229,0.111572,1.65768
254,2,0.30485,1.24753,0.11189,1.66427
255,2,0.305845,1.25223,0.112225,1.6703
256,2,0.306888,1.25675,0.112658,1.67629
257,2,0.307907,1.26152,0.116246,1.68568
258,2,0.30914,1.26651,0.116989,1.69264
259,2,0.310332,1.27146,0.117397,1.69919
260,2,0.311609,1.27583,0.11785,1.70529
261,2,0.312772,1.28022,0.118243,1.71123
262,2,0.313809,1.28504,0.118606,1.71746
263,2,0.31493,1.28986,0.118889,1.72367
264,2,0.316077,1.29482,0.119353,1.73025
265,2,0.317146,1.30019,0.119832,1.73717
266,2,0.318345,1.30501,0.120211,1.74356
267,2,0.319597,1.30977,0.120442,1.74981
268,2,0.32082,1.31432,0.120716,1.75586
269,2,0.321814,1.31907,0.121198,1.76209
270,2,0.322785,1.32362,0.121475,1.76788
271,2,0.323725,1.32814,0.121902,1.77377
272,2,0.324859,1.33302,0.122316,1.7802
273,2,0.327528,1.33687,0.12297,1.78737
274,2,0.329133,1.34217,0.123725,1.79503
275,2,0.331565,1.34618,0.124328,1.80207
276,2,0.333111,1.35029,0.124799,1.8082
277,2,0.334192,1.35483,0.125078,1.8141
278,2,0.335645,1.35885,0.125714,1.82021
279,2,0.336744,1.36387,0.126124,1.82674
280,2,0.337994,1.3686,0.126463,1.83306
281,2,0.339123,1.373,0.126888,1.83901
282,2,0.340172,1.37767,0.127155,1.845
283,2,0.341292,1.38255,0.127459,1.8513
284,2,0.342348,1.38712,0.127794,1.85726
285,2,0.343302,1.39181,0.128063,1.86318
286,2,0.344246,1.39631,0.128439,1.86899
287,2,0.345307,1.40093,0.129001,1.87524
288,2,0.346241,1.40556,0.129411,1.88121
289,2,0.347115,1.41074,0.129841,1.88769
290,2,0.348166,1.41512,0.130158,1.89345
291,2,0.349281,1.41964,0.130515,1.89944
292,2,0.350445,1.42424,0.130829,1.90551
293,2,0.351423,1.42888,0.131214,1.91152
294,2,0.352593,1.43392,0.131606,1.91811
295,2,0.353665,1.43864,0.132134,1.92443
296,2,0.354856,1.443,0.132472,1.93033
297,2,0.355993,1.44795,0.132785,1.93672
298,2,0.357107,1.45285,0.133109,1.94307
299,2,0.358146,1.45783,0.133353,1.94933
300,2,0.359373,1.4625,0.133679,1.95555
301,2,0.360428,1.46703,0.134164,1.96162
302,2,0.361434,1.47166,0.134473,1.96757
303,2,0.362693,1.47645,0.134811,1.97396
304,2,0.363823,1.48128,0.135065,1.98016
305,2,0.364897,1.48628,0.135584,1.98676
306,2,0.366202,1.49143,0.135922,1.99355
307,2,0.367243,1.49628,0.136374,1.9999
308,2,0.368433,1.5014,0.136932,2.00676
309,2,0.369374,1.50715,0.137224,2.01375
310,2,0.370178,1.51253,0.137565,2.02028
311,2,0.371296,1.51735,0.13796,2.02661
312,2,0.372536,1.52233,0.13835,2.03321
313,2,0.373676,1.5268,0.138739,2.03922
314,2,0.374884,1.53178,0.139263,2.04592
315,2,0.376156,1.53612,0.139665,2.05194
316,2,0.3773,1.54079,0.140174,2.05826
317,2,0.378654,1.54523,0.140548,2.06443
318,2,0.379731,1.54993,0.141006,2.07067
319,2,0.380902,1.55442,0.141431,2.07675
320,2,0.381776,1.55916,0.141637,2.08258
321,2,0.382904,1.56405,0.142204,2.08916
322,2,0.384292,1.56851,0.142587,2.09539
323,2,0.385319,1.57311,0.143061,2.10149
324,2,0.386234,1.57793,0.143384,2.10755
325,2,0.387402,1.58246,0.14367,2.11353
326,2,0.388315,1.58705,0.144307,2.11967
327,2,0.389389,1.59165,0.144743,2.12578
328,2,0.390475,1.59622,0.145089,2.13178
329,2,0.391577,1.60124,0.145468,2.13829
330,2,0.39283,1.60624,0.145926,2.145
331,2,0.394138,1.61078,0.146393,2.15132
332,2,0.395314,1.61527,0.14676,2.15734
333,2,0.396414,1.61975,0.147258,2.16343
334,2,0.397654,1.62423,0.147674,2.16955
335,2,0.398796,1.62948,0.147994,2.17627
336,2,0.399687,1.63426,0.148483,2.18243
337,2,0.400985,1.63872,0.148936,2.18864
338,2,0.402088,1.6435,0.149299,2.19488
339,2,0.403025,1.64941,0.150064,2.20249
340,2,0.404027,1.65422,0.150278,2.20852
341,2,0.405126,1.65878,0.150676,2.21458
342,2,0.406118,1.66356,0.151038,2.22071
343,2,0.407129,1.66842,0.151412,2.22696
344,2,0.408337,1.67355,0.151804,2.23369
345,2,0.40943,1.6782,0.152152,2.23978
346,2,0.410146,1.68363,0.152436,2.24621
347,2,0.411214,1.68835,0.152794,2.25235
348,2,0.412389,1.69311,0.153201,2.2587
349,2,0.413421,1.69753,0.153649,2.2646
350,2,0.414524,1.70182,0.154009,2.27035
351,2,0.415476,1.7068,0.154358,2.27663
352,2,0.416598,1.71135,0.154752,2.2827
353,2,0.417512,1.71623,0.155058,2.2888
354,2,0.418555,1.72064,0.155411,2.2946
355,2,0.419587,1.72556,0.155713,2.30085
356,2,0.4207,1.73056,0.156064,2.30732
357,2,0.424942,1.73489,0.156408,2.31624
358,2,0.425971,1.73993,0.156771,2.32267
359,2,0.427201,1.74499,0.158052,2.33024
360,2,0.428462,1.74946,0.158432,2.33635
361,2,0.429732,1.75427,0.158912,2.34291
362,2,0.430982,1.75839,0.159249,2.34862
363,2,0.432299,1.76295,0.159677,2.35493
364,2,0.433247,1.76763,0.159948,2.36082
365,2,0.434269,1.77317,0.160992,2.36843
366,2,0.435362,1.77785,0.161378,2.37459
367,2,0.436453,1.78274,0.16182,2.38102
368,2,0.437776,1.78773,0.162249,2.38776
369,2,0.439023,1.79233,0.162733,2.39409
370,2,0.440184,1.79703,0.163188,2.4004
371,2,0.44141,1.80147,0.163592,2.40647
372,2,0.442802,1.80623,0.164004,2.41303
373,2,0.44363,1.81109,0.16443,2.41915
374,2,0.444862,1.81553,0.164726,2.42512
375,2,0.445997,1.82062,0.165101,2.43172
376,2,0.447308,1.825,0.165561,2.43787
377,2,0.448405,1.82991,0.166011,2.44433
378,2,0.449683,1.83451,0.166451,2.45065
379,2,0.450909,1.83954,0.166829,2.45728
380,2,0.45171,1.8448,0.167038,2.46355
381,2,0.452853,1.84929,0.167456,2.4696
382,2,0.453956,1.85386,0.167883,2.4757
383,2,0.455011,1.85834,0.168198,2.48155
384,2,0.456005,1.86314,0.168534,2.48768
385,2,0.457291,1.86808,0.168812,2.49418
386,2,0.458409,1.87277,0.169385,2.50056
387,2,0.459708,1.87739,0.169923,2.50702
388,2,0.461021,1.88199,0.170189,2.5132
389,2,0.462226,1.88686,0.170509,2.5196
390,2,0.463293,1.89162,0.170817,2.52573
391,2,0.464519,1.89624,0.171178,2.53193
392,2,0.46568,1.90057,0.171582,2.53783
393,2,0.466715,1.90516,0.171894,2.54377
394,2,0.467986,1.91,0.17226,2.55025
395,2,0.469379,1.91417,0.172647,2.5562
396,2,0.470549,1.91871,0.17311,2.56237
397,2,0.471673,1.92361,0.173662,2.56894
398,2,0.472694,1.92891,0.173854,2.57546
399,2,0.473965,1.93518,0.175704,2.58485
400,2,0.475339,1.94142,0.176103,2.59286
401,2,0.476582,1.94665,0.176529,2.59976
402,2,0.47786,1.95213,0.177094,2.60709
403,2,0.479367,1.95769,0.177473,2.61453
404,2,0.481038,1.96327,0.178503,2.62281
405,2,0.482497,1.9687,0.17879,2.62998
406,2,0.483632,1.97419,0.179376,2.6372
407,2,0.484641,1.97949,0.179711,2.64384
408,2,0.485605,1.98528,0.180189,2.65108
409,2,0.486582,1.99057,0.180735,2.65789
410,2,0.487842,1.99664,0.18102,2.6655
411,2,0.489504,2.00169,0.181668,2.67286
412,2,0.490423,2.00635,0.182171,2.67894
413,2,0.491799,2.0107,0.182647,2.68514
414,2,0.493003,2.01527,0.183001,2.69128
415,2,0.494881,2.01929,0.183415,2.69759
416,2,0.496356,2.02494,0.184002,2.7053
417,2,0.497292,2.03231,0.184492,2.71409
418,2,0.498421,2.03765,0.184803,2.72088
419,2,0.499491,2.04368,0.185153,2.72833
420,2,0.500869,2.04922,0.185571,2.73566
421,2,0.502839,2.05454,0.186621,2.744
422,2,0.504236,2.05926,0.187425,2.75092
423,2,0.506086,2.06437,0.187878,2.75833
424,2,0.507574,2.06971,0.188186,2.76547
425,2,0.509076,2.07529,0.188649,2.77301
426,2,0.51027,2.08147,0.188952,2.7807
427,2,0.511781,2.08616,0.189392,2.78733
428,2,0.513189,2.09102,0.189782,2.79399
429,2,0.514676,2.09627,0.190287,2.80123
430,2,0.515625,2.10205,0.190778,2.80846
431,2,0.516808,2.10727,0.191009,2.81509
432,2,0.518272,2.1128,0.191289,2.82236
433,2,0.519601,2.11821,0.191784,2.8296
434,2,0.520734,2.12302,0.192123,2.83587
435,2,0.521882,2.12814,0.19249,2.84251
436,2,0.522938,2.1332,0.192873,2.84901
437,2,0.524349,2.13804,0.193199,2.85559
438,2,0.525629,2.1431,0.19387,2.8626
439,2,0.526701,2.14846,0.194187,2.86935
440,2,0.527839,2.1534,0.194471,2.87571
441,2,0.528875,2.15809,0.194859,2.88182
442,2,0.529873,2.16281,0.195251,2.88793
443,2,0.531026,2.16739,0.195741,2.89416
444,2,0.532286,2.17165,0.196159,2.9001
445,2,0.533446,2.17601,0.196467,2.90593
446,2,0.534331,2.18084,0.196759,2.91193
447,2,0.535576,2.18518,0.197119,2.91788
448,2,0.536862,2.18985,0.197438,2.92415
449,2,0.538116,2.19434,0.197894,2.93035
450,2,0.539142,2.19897,0.19827,2.93638
451,2,0.540223,2.20355,0.198652,2.94243
452,2,0.541257,2.20836,0.198986,2.9486
453,2,0.54235,2.21312,0.199318,2.95479
454,2,0.543307,2.21826,0.199782,2.96135
455,2,0.544599,2.2225,0.200255,2.96735
456,2,0.545875,2.22778,0.200509,2.97417
457,2,0.547038,2.23271,0.200866,2.98061
458,2,0.548148,2.23993,0.201266,2.98934
459,2,0.54923,2.2451,0.201687,2.99602
460,2,0.550315,2.24982,0.20198,3.00211
461,2,0.551774,2.25482,0.202494,3.00908
462,2,0.553178,2.25957,0.202877,3.01563
463,2,0.554523,2.26436,0.203431,3.02231
464,2,0.555998,2.26892,0.20389,3.02881
465,2,0.557229,2.27369,0.204272,3.03519
466,2,0.558449,2.27845,0.204658,3.04156
467,2,0.559656,2.28282,0.205004,3.04748
468,2,0.560668,2.2875,0.205488,3.05366
469,2,0.561971,2.29259,0.205923,3.06048
470,2,0.56317,2.30104,0.206435,3.07065
471,2,0.564826,2.30641,0.206853,3.07809
472,2,0.566109,2.31213,0.207195,3.08544
473,2,0.567283,2.31683,0.207711,3.09183
474,2,0.568627,2.32141,0.208217,3.09825
475,2,0.569742,2.32613,0.208549,3.10442
476,2,0.570721,2.33107,0.208926,3.11072
477,2,0.57197,2.33525,0.209307,3.11653
478,2,0.572891,2.3402,0.209724,3.12282
479,2,0.573936,2.34493,0.21003,3.1289
480,2,0.57518,2.34916,0.210461,3.1348
481,2,0.576465,2.35327,0.211011,3.14075
482,2,0.577737,2.35779,0.211407,3.14693
483,2,0.578697,2.36243,0.211741,3.15287
484,2,0.579725,2.36695,0.212087,3.15877
485,2,0.580748,2.37175,0.212486,3.16498
486,2,0.582218,2.3781,0.212801,3.17312
487,2,0.583409,2.38373,0.213217,3.18036
488,2,0.584521,2.38823,0.213663,3.18642
489,2,0.585725,2.39324,0.213996,3.19297
490,2,0.587106,2.39829,0.214402,3.1998
491,2,0.588704,2.40226,0.214902,3.20586
492,2,0.589835,2.40686,0.21529,3.21199
493,2,0.591017,2.41221,0.215605,3.21883
494,2,0.59286,2.41991,0.216065,3.22884
495,2,0.593924,2.42543,0.2165,3.23586
496,2,0.595144,2.43117,0.216923,3.24323
497,2,0.596479,2.43564,0.217292,3.24941
498,2,0.598524,2.44047,0.217905,3.2569
499,2,0.600069,2.44604,0.218227,3.26434
500,2,0.601363,2.45106,0.218652,3.27108
501,2,0.602472,2.45544,0.219039,3.27695
502,2,0.603695,2.4617,0.219378,3.28477
503,2,0.604878,2.4677,0.219719,3.2923
504,2,0.606726,2.47224,0.220068,3.29903
505,2,0.608073,2.47786,0.220448,3.30638
506,2,0.609835,2.48307,0.220849,3.31375
507,2,0.611013,2.48793,0.221226,3.32017
508,2,0.611911,2.49265,0.221593,3.32616
509,2,0.613064,2.49797,0.222074,3.33311
510,2,0.614254,2.50303,0.222538,3.33982
511,2,0.615831,2.50846,0.223072,3.34736
512,2,0.617348,2.51464,0.223364,3.35535
513,2,0.618606,2.51955,0.223923,3.36208
514,2,0.619586,2.52476,0.224445,3.36879
515,2,0.620464,2.53004,0.224786,3.37529
516,2,0.621457,2.5357,0.225736,3.38289
517,2,0.623482,2.54208,0.226276,3.39184
518,2,0.62488,2.54809,0.22672,3.39969
519,2,0.626046,2.55374,0.230329,3.41011
520,2,0.627261,2.55823,0.23106,3.41655
521,2,0.628772,2.56279,0.231356,3.42292
522,2,0.630068,2.56772,0.231766,3.42956
523,2,0.63147,2.57244,0.232113,3.43602
524,2,0.632694,2.57715,0.232476,3.44232
525,2,0.633872,2.58182,0.232933,3.44863
526,2,0.635178,2.58726,0.233458,3.4559
527,2,0.636819,2.59272,0.234117,3.46366
528,2,0.639228,2.59835,0.234674,3.47225
529,2,0.640496,2.60442,0.235034,3.47995
530,2,0.641966,2.60977,0.235399,3.48713
531,2,0.642792,2.61526,0.235674,3.49372
532,2,0.644144,2.61989,0.236516,3.50055
533,2,0.645395,2.62472,0.236983,3.5071
534,2,0.646408,2.63003,0.237276,3.51371
535,2,0.647551,2.6349,0.237532,3.51999
536,2,0.648562,2.63937,0.238027,3.52596
537,2,0.649778,2.64424,0.238485,3.5325
538,2,0.650918,2.64876,0.238907,3.53859
539,2,0.652038,2.65332,0.239281,3.54464
540,2,0.65307,2.65836,0.239633,3.55107
541,2,0.654188,2.66363,0.240117,3.55794
542,2,0.655416,2.66861,0.24063,3.56465
543,2,0.656697,2.67288,0.241115,3.5707
544,2,0.657954,2.67743,0.241501,3.57688
545,2,0.65928,2.68218,0.241929,3.58339
546,2,0.660249,2.68745,0.242155,3.58985
547,2,0.661239,2.6924,0.242524,3.59616
548,2,0.662437,2.69715,0.242821,3.60241
549,2,0.663509,2.70294,0.243166,3.60961
550,2,0.66437,2.70806,0.243605,3.61603
551,2,0.665539,2.71278,0.243936,3.62225
552,2,0.666792,2.71698,0.244592,3.62837
553,2,0.668454,2.72404,0.244993,3.63749
554,2,0.669875,2.7299,0.245348,3.64512
555,2,0.671454,2.73533,0.245697,3.65249
556,2,0.672245,2.74065,0.245998,3.6589
557,2,0.673484,2.74539,0.246344,3.66522
558,2,0.674676,2.75012,0.246825,3.67162
559,2,0.675757,2.75497,0.247221,3.67795
560,2,0.677317,2.75968,0.247736,3.68473
561,2,0.678515,2.76412,0.248144,3.69078
562,2,0.679743,2.76874,0.248523,3.697
563,2,0.681219,2.77582,0.248896,3.70593
564,2,0.68307,2.78119,0.249192,3.71345
565,2,0.684499,2.78655,0.249637,3.72069
566,2,0.685875,2.79086,0.249984,3.72672
567,2,0.686634,2.79573,0.250419,3.73279
568,2,0.68783,2.80047,0.250805,3.73911
569,2,0.689063,2.80495,0.251266,3.74528
570,2,0.690232,2.80964,0.251652,3.75152
571,2,0.691387,2.81434,0.252059,3.75779
572,2,0.692593,2.81885,0.252456,3.7639
573,2,0.693564,2.82435,0.252735,3.77065
574,2,0.694835,2.82911,0.252973,3.77692
575,2,0.696027,2.83387,0.25322,3.78311
576,2,0.697215,2.83821,0.253627,3.78905
577,2,0.698304,2.84294,0.253946,3.79519
578,2,0.69947,2.84794,0.254274,3.80168
579,2,0.700425,2.8529,0.254704,3.80803
580,2,0.70288,2.85971,0.25506,3.81765
581,2,0.704245,2.8653,0.255333,3.82488
582,2,0.705603,2.87072,0.255672,3.832
583,2,0.706641,2.87572,0.25614,3.8385
584,2,0.707758,2.88098,0.256633,3.84537
585,2,0.709162,2.88598,0.257068,3.85221
586,2,0.710424,2.89065,0.257446,3.85852
587,2,0.71173,2.89509,0.25781,3.86463
588,2,0.71299,2.89959,0.258251,3.87083
589,2,0.714391,2.90622,0.258703,3.87931
590,2,0.716592,2.91143,0.26314,3.89116
591,2,0.718024,2.9174,0.268005,3.90343
592,2,0.720563,2.93164,0.270771,3.92297
593,2,0.721553,2.93707,0.271766,3.93039
594,2,0.722928,2.94153,0.2722,3.93666
595,2,0.723889,2.94709,0.272507,3.94349
596,2,0.725424,2.95185,0.272856,3.95013
597,2,0.726753,2.95691,0.273252,3.95692
598,2,0.728081,2.96199,0.273663,3.96373
599,2,0.729643,2.96701,0.274109,3.97076
600,2,0.730964,2.97209,0.274622,3.97768
601,2,0.732491,2.9774,0.275215,3.98511
602,2,0.733892,2.98238,0.275821,3.99209
603,2,0.73524,2.98745,0.276289,3.99898
604,2,0.73671,2.99292,0.276858,4.00649
605,2,0.739266,3.0026,0.278302,4.02016
606,2,0.740881,3.01121,0.278646,4.03073
607,2,0.742091,3.01705,0.279217,4.03836
608,2,0.743357,3.02338,0.280141,4.04687
609,2,0.745014,3.0302,0.280788,4.05601
610,2,0.746324,3.03601,0.281117,4.06345
611,2,0.747429,3.04128,0.281679,4.07039
612,2,0.748725,3.04578,0.28198,4.07648
613,2,0.749792,3.05061,0.282534,4.08294
614,2,0.751041,3.05523,0.283175,4.08945
615,2,0.7523,3.05983,0.283626,4.09575
616,2,0.753409,3.06455,0.284048,4.102
617,2,0.754543,3.06945,0.284445,4.10844
618,2,0.75582,3.07441,0.284887,4.11512
619,2,0.757138,3.07979,0.285388,4.12232
620,2,0.758406,3.08456,0.285693,4.12866
621,2,0.759516,3.08923,0.286107,4.13485
622,2,0.760729,3.09412,0.286523,4.14137
623,2,0.761866,3.09917,0.286941,4.14798
624,2,0.763192,3.10347,0.287311,4.15398
625,2,0.764256,3.10868,0.287605,4.16054
626,2,0.76565,3.11336,0.288148,4.16715
627,2,0.767257,3.11729,0.288488,4.17303
628,2,0.768267,3.12169,0.288821,4.17878
629,2,0.769425,3.12679,0.28924,4.18545
630,2,0.770662,3.13129,0.289714,4.19167
631,2,0.771691,3.136,0.290175,4.19787
632,2,0.772945,3.14058,0.29051,4.20403
633,2,0.774267,3.14491,0.291006,4.21018
634,2,0.775879,3.14946,0.291523,4.21686
635,2,0.777412,3.15454,0.292042,4.224
636,2,0.778619,3.15919,0.292405,4.23021
637,2,0.779822,3.16401,0.292722,4.23655
638,2,0.780759,3.16887,0.293143,4.24277
639,2,0.781986,3.17351,0.293478,4.24897
640,2,0.783123,3.17791,0.293866,4.25489
641,2,0.78459,3.18254,0.294492,4.26162
642,2,0.785491,3.18776,0.295035,4.26828
643,2,0.786854,3.19282,0.295481,4.27516
644,2,0.788016,3.19745,0.295768,4.28124
645,2,0.78941,3.20256,0.296172,4.28814
646,2,0.790561,3.20704,0.296432,4.29404
647,2,0.791945,3.21263,0.296834,4.30141
648,2,0.793257,3.21772,0.29719,4.30817
649,2,0.79449,3.22243,0.297556,4.31448
650,2,0.795745,3.22748,0.298123,4.32135
651,2,0.797033,3.23331,0.298426,4.32877
652,2,0.798321,3.23866,0.29881,4.33579
653,2,0.799658,3.24321,0.299137,4.34201
654,2,0.801353,3.2478,0.299735,4.34889
655,2,0.802684,3.25224,0.300307,4.35523
656,2,0.803859,3.25693,0.300681,4.36147
657,2,0.804752,3.26386,0.307703,4.37631
658,2,0.811929,3.29327,0.309254,4.41445
659,2,0.813069,3.29961,0.309616,4.4223
660,2,0.813958,3.30602,0.309978,4.42995
661,2,0.815306,3.3113,0.310478,4.43709
662,2,0.816623,3.31643,0.310891,4.44395
663,2,0.818074,3.32133,0.311155,4.45056
664,2,0.819514,3.32653,0.311479,4.45753
665,2,0.820597,3.33196,0.312825,4.46538
666,2,0.822925,3.33885,0.31316,4.47493
667,2,0.824887,3.34469,0.313573,4.48315
668,2,0.826566,3.34972,0.313894,4.49018
669,2,0.82864,3.35543,0.314378,4.49845
670,2,0.829799,3.36248,0.314857,4.50714
671,2,0.831113,3.36838,0.315463,4.51496
672,2,0.832414,3.37337,0.315823,4.5216
673,2,0.833656,3.37785,0.316336,4.52784
674,2,0.834872,3.38218,0.316738,4.53378
675,2,0.83617,3.38646,0.317065,4.5397
676,2,0.837143,3.39152,0.31739,4.54605
677,2,0.838349,3.39616,0.317744,4.55225
678,2,0.839426,3.40086,0.318241,4.55853
679,2,0.840476,3.40592,0.318497,4.5649
680,2,0.841602,3.41094,0.318728,4.57127
681,2,0.842905,3.41559,0.319041,4.57754
682,2,0.843996,3.42013,0.319513,4.58364
683,2,0.845098,3.42536,0.319754,4.59021
684,2,0.846253,3.4299,0.320189,4.59635
685,2,0.84745,3.4343,0.320562,4.60231
686,2,0.848728,3.4402,0.320949,4.60987
687,2,0.850326,3.44559,0.321423,4.61734
688,2,0.851557,3.45056,0.321632,4.62375
689,2,0.852659,3.4556,0.32218,4.63044
690,2,0.856699,3.46009,0.322665,4.63945
691,2,0.858879,3.46949,0.323352,4.65172
692,2,0.861468,3.48327,0.323994,4.66873
693,2,0.862731,3.48804,0.324257,4.67502
694,2,0.863925,3.49294,0.324644,4.68151
695,2,0.865292,3.49817,0.324987,4.68845
696,2,0.866793,3.50354,0.325418,4.69575
697,2,0.867843,3.50942,0.32584,4.7031
698,2,0.869365,3.5148,0.326532,4.7107
699,2,0.872477,3.52157,0.326989,4.72104
700,2,0.874094,3.52719,0.327261,4.72854
701,2,0.876145,3.53276,0.327662,4.73657
702,2,0.877301,3.54044,0.328318,4.74606
703,2,0.878642,3.54611,0.328553,4.7533
704,2,0.880021,3.55114,0.328921,4.76008
705,2,0.881211,3.55614,0.329363,4.76671
706,2,0.882393,3.56077,0.329785,4.77294
707,2,0.883615,3.56567,0.330098,4.77938
708,2,0.884555,3.57065,0.33043,4.78563
709,2,0.885604,3.57564,0.330818,4.79206
710,2,0.886534,3.58077,0.331082,4.79838
711,2,0.887714,3.58515,0.33141,4.80428
712,2,0.88872,3.5899,0.331745,4.81037
713,2,0.889653,3.59477,0.332085,4.81651
714,2,0.890765,3.59931,0.332494,4.82257
715,2,0.891782,3.60456,0.335701,4.83204
716,2,0.892757,3.60977,0.335994,4.83852
717,2,0.894229,3.61528,0.336515,4.84602
718,2,0.895897,3.61997,0.336986,4.85285
719,2,0.897188,3.62427,0.337321,4.85878
720,2,0.898388,3.62883,0.337749,4.86497
721,2,0.899757,3.634,0.338151,4.8719
722,2,0.902014,3.64121,0.338694,4.88192
723,2,0.90269,3.66697,0.339306,4.90896
724,2,0.903852,3.6734,0.340816,4.91807
725,2,0.905005,3.67858,0.341216,4.9248
726,2,0.906403,3.68368,0.341687,4.93177
727,2,0.907723,3.68901,0.342159,4.93889
728,2,0.909064,3.69439,0.342462,4.94592
729,2,0.910177,3.69925,0.342893,4.95232
730,2,0.911506,3.70481,0.343501,4.95982
731,2,0.914551,3.71169,0.344016,4.97026
732,2,0.916604,3.71753,0.344412,4.97855
733,2,0.918502,3.72288,0.344926,4.9863
734,2,0.920724,3.72861,0.345366,4.9947
735,2,0.922302,3.73563,0.346111,5.00404
736,2,0.923638,3.74119,0.346499,5.01132
737,2,0.924769,3.74675,0.34689,5.01841
738,2,0.926457,3.75088,0.347321,5.02465
739,2,0.927697,3.75586,0.347778,5.03134
740,2,0.928797,3.76101,0.348077,5.03788
741,2,0.930395,3.76545,0.348594,5.04444
742,2,0.931311,3.77125,0.348944,5.05151
743,2,0.932415,3.77591,0.349311,5.05763
744,2,0.933854,3.78054,0.349699,5.06409
745,2,0.935349,3.78504,0.350238,5.07062
746,2,0.936655,3.79008,0.350698,5.07743
747,2,0.937822,3.79524,0.351088,5.08415
748,2,0.938756,3.80064,0.351389,5.09078
749,2,0.94009,3.80699,0.35164,5.09872
750,2,0.941231,3.81219,0.352203,5.10563
751,2,0.941978,3.81718,0.352544,5.1117
752,2,0.943701,3.8226,0.352857,5.11916
753,2,0.945545,3.82856,0.353607,5.12771
754,2,0.946952,3.8361,0.354155,5.13721
755,2,0.948841,3.84236,0.354553,5.14575
756,2,0.950805,3.84827,0.354969,5.15404
757,2,0.951999,3.85572,0.355336,5.16305
758,2,0.953148,3.86417,0.355671,5.17299
759,2,0.954543,3.86954,0.356824,5.1809
760,2,0.955972,3.87516,0.357254,5.18838
761,2,0.95727,3.8799,0.357677,5.19485
762,2,0.958576,3.88471,0.358112,5.20139
763,2,0.959709,3.88981,0.358517,5.20804
764,2,0.960991,3.89491,0.3589,5.2148
765,2,0.962328,3.89968,0.359138,5.22115
766,2,0.96357,3.90471,0.359537,5.22782
767,2,0.964703,3.90921,0.35996,5.23387
768,2,0.965851,3.9138,0.360302,5.23995
769,2,0.966819,3.91836,0.360718,5.24589
770,2,0.967795,3.92295,0.361057,5.2518
771,2,0.968989,3.92726,0.361363,5.25761
772,2,0.97006,3.93185,0.361786,5.2637
773,2,0.972373,3.93543,0.36215,5.26996
774,2,0.973405,3.94159,0.362609,5.2776
775,2,0.974729,3.94784,0.362969,5.28554
776,2,0.975743,3.95253,0.363381,5.29165
777,2,0.976828,3.95727,0.363823,5.29792
778,2,0.978058,3.96253,0.364136,5.30473
779,2,0.979394,3.96685,0.364544,5.31078
780,2,0.98052,3.97113,0.364941,5.31659
781,2,0.981776,3.97544,0.365442,5.32266
782,2,0.982929,3.97982,0.36577,5.32851
783,2,0.984116,3.98499,0.366411,5.33552
784,2,0.985221,3.98934,0.366713,5.34127
785,2,0.986272,3.99386,0.367052,5.34718
786,2,0.987354,3.99806,0.36745,5.35287
787,2,0.988318,4.00283,0.367711,5.35886
788,2,0.989432,4.007,0.368198,5.36463
789,2,0.990456,4.01179,0.368707,5.37095
790,2,0.991515,4.01632,0.369837,5.37767
791,2,0.992576,4.02101,0.370069,5.38366
792,2,0.993653,4.02563,0.370505,5.38979
793,2,0.994731,4.03039,0.370905,5.39603
794,2,0.995749,4.03469,0.371224,5.40167
795,2,0.99675,4.03933,0.371599,5.40768
796,2,0.997791,4.04403,0.372204,5.41403
797,2,0.998859,4.04834,0.372519,5.41971
798,2,0.999819,4.05265,0.372956,5.42543
799,2,1.00059,4.05722,0.373397,5.43121
800,2,1.00193,4.06161,0.373915,5.43745
801,2,1.00294,4.06656,0.374338,5.44384
802,2,1.00392,4.07156,0.374695,5.45018
803,2,1.00507,4.07773,0.375092,5.45789
804,2,1.00644,4.08202,0.375606,5.46407
805,2,1.00754,4.08637,0.375958,5.46987
806,2,1.00882,4.09077,0.376482,5.47607
807,2,1.01008,4.0956,0.376886,5.48256
808,2,1.01113,4.10029,0.377227,5.48865
809,2,1.01225,4.10542,0.377489,5.49516
810,2,1.0136,4.11077,0.377938,5.5023
811,2,1.01502,4.11486,0.378347,5.50823
812,2,1.01616,4.11975,0.378769,5.51467
813,2,1.01741,4.12523,0.379116,5.52175
814,2,1.01853,4.12982,0.379442,5.52779
815,2,1.01954,4.13446,0.379903,5.53391
816,2,1.02059,4.13907,0.380251,5.5399
817,2,1.02159,4.1437,0.380657,5.54595
818,2,1.02277,4.14885,0.381058,5.55268
819,2,1.02386,4.15397,0.381416,5.55925
820,2,1.02497,4.15899,0.381762,5.56572
821,2,1.02619,4.16401,0.382114,5.57232
822,2,1.02727,4.16862,0.382732,5.57862
823,2,1.02854,4.17336,0.383339,5.58524
824,2,1.02955,4.17835,0.383986,5.59189
825,2,1.03078,4.18328,0.38432,5.59838
826,2,1.03195,4.18748,0.384622,5.60405
827,2,1.03289,4.1928,0.385012,5.6107
828,2,1.0341,4.19774,0.385413,5.61725
829,2,1.03526,4.20264,0.38602,5.62392
830,2,1.03623,4.20754,0.386357,5.63013
831,2,1.03739,4.21217,0.386687,5.63625
832,2,1.03859,4.21678,0.387098,5.64247
833,2,1.03982,4.22178,0.38774,5.64934
834,2,1.04098,4.22676,0.388421,5.65617
835,2,1.04206,4.23139,0.388791,5.66224
836,2,1.04317,4.23582,0.389253,5.66825
837,2,1.04431,4.24046,0.389596,5.67436
838,2,1.04543,4.24507,0.389958,5.68046
839,2,1.0465,4.24988,0.390432,5.68681
840,2,1.04761,4.25448,0.390998,5.69309
841,2,1.04875,4.25908,0.391394,5.69923
842,2,1.04994,4.26351,0.391946,5.7054
843,2,1.05116,4.26853,0.392346,5.71204
844,2,1.05224,4.2732,0.392602,5.71804
845,2,1.05334,4.27775,0.393099,5.72419
846,2,1.05445,4.28235,0.393519,5.73032
847,2,1.05563,4.28664,0.39388,5.73615
848,2,1.05693,4.29094,0.394343,5.74222
849,2,1.05803,4.2953,0.394664,5.74799
850,2,1.05879,4.30031,0.395065,5.75416
851,2,1.05975,4.30483,0.395493,5.76008
852,2,1.06084,4.30948,0.395883,5.7662
853,2,1.06185,4.31381,0.39621,5.77187
854,2,1.06296,4.31877,0.396611,5.77834
855,2,1.06403,4.32332,0.396954,5.78431
856,2,1.0652,4.32775,0.397417,5.79036
857,2,1.06631,4.33233,0.397886,5.79653
858,2,1.06734,4.33683,0.398208,5.80238
859,2,1.06825,4.34132,0.398552,5.80811
860,2,1.06916,4.3459,0.398952,5.81401
861,2,1.0704,4.35032,0.399389,5.82011
862,2,1.07128,4.35539,0.399709,5.82637
863,2,1.07233,4.36099,0.400126,5.83345
864,2,1.07334,4.36627,0.400663,5.84028
865,2,1.07455,4.37084,0.401275,5.84666
866,2,1.07579,4.37542,0.401789,5.853
867,2,1.07685,4.38044,0.402359,5.85965
868,2,1.07818,4.38501,0.402776,5.86596
869,2,1.07919,4.38933,0.403208,5.87173
870,2,1.08045,4.39429,0.403609,5.87835
871,2,1.08157,4.39904,0.403862,5.88447
872,2,1.08264,4.4035,0.404226,5.89037
873,2,1.08372,4.40843,0.404735,5.89689
874,2,1.08514,4.41266,0.405074,5.90288
875,2,1.08632,4.41699,0.405552,5.90886
876,2,1.08762,4.4214,0.405948,5.91496
877,2,1.08883,4.4259,0.406336,5.92107
878,2,1.08994,4.43049,0.406814,5.92725
879,2,1.09102,4.43511,0.40715,5.93327
880,2,1.09205,4.43954,0.407517,5.93911
881,2,1.09321,4.44479,0.408014,5.94602
882,2,1.09425,4.44952,0.408421,5.95219
883,2,1.09532,4.45421,0.408725,5.95825
884,2,1.09652,4.45883,0.409146,5.96449
885,2,1.09758,4.46356,0.409501,5.97063
886,2,1.09862,4.46815,0.409882,5.97665
887,2,1.09968,4.47285,0.410252,5.98278
888,2,1.10073,4.47743,0.410798,5.98895
889,2,1.10199,4.48166,0.411226,5.99488
890,2,1.10295,4.48602,0.411564,6.00053
891,2,1.10403,4.49061,0.412055,6.0067
892,2,1.10515,4.49565,0.412563,6.01337
893,2,1.10625,4.50011,0.412937,6.01929
894,2,1.10719,4.505,0.413309,6.02549
895,2,1.1083,4.50937,0.413738,6.03141
896,2,1.10933,4.51449,0.414117,6.03794
897,2,1.11015,4.51936,0.41451,6.04403
898,2,1.11131,4.52456,0.415105,6.05098
899,2,1.11315,4.5302,0.41557,6.05892
900,2,1.11461,4.53816,0.415896,6.06866
901,2,1.1156,4.54332,0.416132,6.07505
902,2,1.11677,4.54775,0.416513,6.08103
903,2,1.11784,4.5529,0.41684,6.08757
904,2,1.11893,4.55791,0.41733,6.09418
905,2,1.12021,4.56225,0.417711,6.10017
906,2,1.12165,4.56722,0.418115,6.10698
907,2,1.12284,4.57142,0.418446,6.11271
908,2,1.1238,4.5763,0.418746,6.11884
909,2,1.12492,4.58091,0.419147,6.12498
910,2,1.1257,4.58574,0.419482,6.13092
911,2,1.12668,4.59029,0.419754,6.13672
912,2,1.12779,4.59504,0.42017,6.143
913,2,1.12897,4.59933,0.420511,6.14881
914,2,1.12999,4.60367,0.421116,6.15478
915,2,1.13111,4.60824,0.42158,6.16093
916,2,1.13221,4.61314,0.42193,6.16727
917,2,1.13336,4.6173,0.422302,6.17296
918,2,1.13452,4.62231,0.422635,6.17947
919,2,1.13577,4.62688,0.423115,6.18576
920,2,1.13706,4.63101,0.423521,6.19159
921,2,1.13809,4.6355,0.4239,6.19749
922,2,1.13916,4.64009,0.424368,6.20361
923,2,1.14021,4.64525,0.424933,6.2104
924,2,1.14141,4.64977,0.425353,6.21653
925,2,1.14259,4.65464,0.425717,6.22295
926,2,1.14386,4.65939,0.426205,6.22946
927,2,1.14516,4.66412,0.426459,6.23574
928,2,1.14625,4.66922,0.42755,6.24302
929,2,1.14745,4.6741,0.42805,6.24959
930,2,1.14845,4.67865,0.428396,6.2555
931,2,1.14931,4.68362,0.429009,6.26194
932,2,1.15047,4.68834,0.429342,6.26815
933,2,1.15168,4.69316,0.429726,6.27456
934,2,1.15281,4.69763,0.430053,6.28049
935,2,1.15394,4.702,0.43041,6.28635
936,2,1.15492,4.70678,0.431261,6.29296
937,2,1.15613,4.71114,0.431604,6.29887
938,2,1.15729,4.71547,0.431997,6.30475
939,2,1.1584,4.72028,0.432284,6.31096
940,2,1.15958,4.72504,0.432623,6.31725
941,2,1.16078,4.72992,0.43294,6.32364
942,2,1.16187,4.73483,0.433496,6.3302
943,2,1.16313,4.73924,0.433927,6.3363
944,2,1.16423,4.74409,0.434265,6.34258
945,2,1.16549,4.74858,0.434741,6.34882
946,2,1.16654,4.75302,0.435064,6.35463
947,2,1.1677,4.75749,0.435348,6.36054
948,2,1.16861,4.76292,0.435764,6.36729
949,2,1.16946,4.76791,0.436268,6.37364
950,2,1.17033,4.77273,0.436764,6.37983
951,2,1.17159,4.77733,0.437087,6.38601
952,2,1.17285,4.78201,0.437376,6.39224
953,2,1.17413,4.78672,0.437806,6.39865
954,2,1.18113,4.79811,0.441566,6.42081
955,2,1.18209,4.80264,0.442022,6.42675
956,2,1.18323,4.8072,0.442526,6.43296
957,2,1.18425,4.81154,0.442889,6.43868
958,2,1.18529,4.81604,0.44327,6.4446
959,2,1.18639,4.82097,0.443619,6.45098
960,2,1.18745,4.82561,0.443903,6.45696
961,2,1.18862,4.83024,0.44437,6.46324
962,2,1.18954,4.83487,0.444724,6.46914
963,2,1.19059,4.83974,0.445049,6.47538
964,2,1.19161,4.84465,0.445357,6.48162
965,2,1.19273,4.84956,0.445865,6.48816
966,2,1.19412,4.85455,0.446296,6.49496
967,2,1.19506,4.85921,0.446776,6.50104
968,2,1.19607,4.86433,0.447229,6.50763
969,2,1.19722,4.86879,0.447709,6.51372
970,2,1.19818,4.87328,0.448017,6.51948
971,2,1.19918,4.87814,0.448522,6.52585
972,2,1.20022,4.88271,0.448819,6.53175
973,2,1.20125,4.88771,0.449212,6.53817
974,2,1.20207,4.89215,0.449548,6.54377
975,2,1.20398,4.89808,0.450111,6.55218
976,2,1.20547,4.90396,0.450504,6.55993
977,2,1.20711,4.90991,0.450894,6.56791
978,2,1.20859,4.91576,0.451378,6.57573
979,2,1.20981,4.9214,0.451768,6.58298
980,2,1.21128,4.92631,0.4521,6.58969
981,2,1.21256,4.93158,0.454267,6.59841
982,2,1.21436,4.93662,0.457215,6.60819
983,2,1.21571,4.94117,0.45758,6.61447
984,2,1.2167,4.94599,0.457955,6.62064
985,2,1.21796,4.95054,0.458298,6.6268
986,2,1.21933,4.95511,0.45928,6.63372
987,2,1.22078,4.95971,0.459519,6.64001
988,2,1.22167,4.96481,0.459881,6.64636
989,2,1.22278,4.96964,0.460184,6.65261
990,2,1.22423,4.97414,0.460661,6.65903
991,2,1.2254,4.97869,0.461187,6.66528
992,2,1.2266,4.98321,0.461551,6.67136
993,2,1.22762,4.98839,0.462114,6.67813
994,2,1.22874,4.99294,0.462532,6.68421
995,2,1.22971,4.9975,0.463011,6.69021
996,2,1.23103,5.00394,0.463443,6.69841
997,2,1.23242,5.00893,0.463898,6.70525
998,2,1.2336,5.01447,0.46414,6.71221
999,2,1.23489,5.01948,0.46449,6.71886
1000,2,1.2359,5.02425,0.464863,6.72501
1001,2,1.23707,5.02868,0.465114,6.73087
1002,2,1.24048,5.04231,0.471968,6.75476
1003,2,1.24119,5.06189,0.472521,6.7756
1004,2,1.24248,5.06692,0.473131,6.78253
1005,2,1.24382,5.07251,0.473734,6.79006
1006,2,1.24515,5.07766,0.474073,6.79688
1007,2,1.24652,5.0829,0.474394,6.80382
1008,2,1.24776,5.08794,0.474985,6.81069
1009,2,1.24895,5.09265,0.475378,6.81698
1010,2,1.25041,5.0977,0.476006,6.82412
1011,2,1.25181,5.10288,0.476565,6.83126
1012,2,1.25381,5.11005,0.477361,6.84122
1013,2,1.25525,5.11579,0.477717,6.84876
1014,2,1.25737,5.12231,0.478367,6.85804
1015,2,1.25925,5.12994,0.479545,6.86874
1016,2,1.26057,5.13538,0.480216,6.87617
1017,2,1.26159,5.14102,0.48057,6.88318
1018,2,1.26288,5.14562,0.48092,6.88943
1019,2,1.26388,5.15051,0.481312,6.89571
1020,2,1.26509,5.1551,0.481625,6.90182
1021,2,1.26619,5.16183,0.482089,6.9101
1022,2,1.26773,5.16725,0.482753,6.91773
1023,2,1.26898,5.17201,0.483031,6.92402
1024,2,1.27002,5.17697,0.483629,6.93062
1025,2,1.27109,5.18229,0.484092,6.93747
1026,2,1.27228,5.18659,0.484506,6.94337
1027,2,1.27344,5.19145,0.48478,6.94967
1028,2,1.27423,5.19645,0.48507,6.95575
1029,2,1.27534,5.20205,0.485815,6.96321
1030,2,1.27655,5.20708,0.486252,6.96988
1031,2,1.27771,5.21164,0.486704,6.97605
1032,2,1.27867,5.21659,0.487119,6.98238
1033,2,1.27999,5.2214,0.487492,6.98888
1034,2,1.28155,5.22871,0.487774,6.99804
1035,2,1.28285,5.23389,0.488003,7.00474
1036,2,1.28399,5.23952,0.488271,7.01179
1037,2,1.28509,5.24438,0.488489,7.01796
1038,2,1.2861,5.24924,0.488921,7.02426
1039,2,1.2874,5.25403,0.489243,7.03067
1040,2,1.28871,5.25834,0.489652,7.0367
1041,2,1.29008,5.26448,0.490561,7.04512
1042,2,1.29462,5.27829,0.49179,7.0647
1043,2,1.29551,5.28768,0.49451,7.0777
1044,2,1.29628,5.29238,0.494741,7.0834
1045,2,1.29747,5.29737,0.495103,7.08994
1046,2,1.29863,5.30231,0.495485,7.09642
1047,2,1.29985,5.30749,0.496122,7.10346
1048,2,1.30138,5.31268,0.49648,7.11053
1049,2,1.30268,5.31751,0.496885,7.11707
1050,2,1.30389,5.32265,0.497325,7.12387
1051,2,1.30593,5.33033,0.498021,7.13428
1052,2,1.31045,5.33421,0.498498,7.14315
1053,2,1.31214,5.34045,0.498983,7.15157
1054,2,1.31398,5.3462,0.499462,7.15964
1055,2,1.31811,5.35119,0.500133,7.16943
1056,2,1.31937,5.35671,0.500558,7.17665
1057,2,1.32066,5.36198,0.500892,7.18353
1058,2,1.32169,5.36717,0.501377,7.19024
1059,2,1.32286,5.37209,0.50172,7.19667
1060,2,1.32402,5.3768,0.502018,7.20284
1061,2,1.32512,5.38192,0.502493,7.20953
1062,2,1.32632,5.38699,0.50287,7.21619
1063,2,1.32759,5.3915,0.503382,7.22246
1064,2,1.32863,5.39621,0.503839,7.22868
1065,2,1.32981,5.40099,0.504286,7.23509
1066,2,1.33152,5.40788,0.504746,7.24414
1067,2,1.33277,5.41365,0.505181,7.2516
1068,2,1.33426,5.41936,0.505631,7.25925
1069,2,1.33521,5.42532,0.506395,7.26692
1070,2,1.3364,5.43,0.506784,7.27318
1071,2,1.33745,5.43494,0.507037,7.27943
1072,2,1.3384,5.43984,0.507427,7.28566
1073,2,1.33965,5.44418,0.50778,7.29161
1074,2,1.34086,5.44845,0.508212,7.29753
1075,2,1.34185,5.45315,0.508678,7.30369
1076,2,1.34329,5.45763,0.508965,7.30988
1077,2,1.34433,5.46268,0.509443,7.31645
1078,2,1.34526,5.46771,0.509778,7.32275
1079,2,1.34656,5.47221,0.510298,7.32906
1080,2,1.3477,5.47733,0.51096,7.33599
1081,2,1.34888,5.48194,0.511311,7.34213
1082,2,1.34991,5.48649,0.511708,7.34811
1083,2,1.35112,5.49122,0.51482,7.35715
1084,2,1.35224,5.49637,0.515537,7.36414
1085,2,1.3535,5.50186,0.515791,7.37115
1086,2,1.35469,5.50706,0.516179,7.37793
1087,2,1.35604,5.51183,0.516597,7.38447
1088,2,1.35876,5.5182,0.517051,7.394
1089,2,1.36157,5.52805,0.517318,7.40694
1090,2,1.36393,5.53421,0.518149,7.41629
1091,2,1.36483,5.54001,0.518728,7.42357
1092,2,1.3662,5.54518,0.518948,7.43034
1093,2,1.36751,5.55029,0.519495,7.4373
1094,2,1.36881,5.55534,0.520017,7.44417
1095,2,1.37038,5.56035,0.520362,7.45109
1096,2,1.37159,5.56564,0.520861,7.45809
1097,2,1.37313,5.57081,0.521279,7.46522
1098,2,1.37483,5.57767,0.521766,7.47426
1099,2,1.37725,5.58286,0.522287,7.4824
1100,2,1.37898,5.58845,0.523006,7.49045
1101,2,1.38118,5.59366,0.523513,7.49836
1102,2,1.38242,5.60056,0.524066,7.50705
1103,2,1.38373,5.60603,0.524544,7.51431
1104,2,1.38523,5.61114,0.524917,7.52129
1105,2,1.38623,5.61604,0.525152,7.52742
1106,2,1.38785,5.62096,0.525519,7.53432
1107,2,1.38903,5.62604,0.525773,7.54085
1108,2,1.39023,5.63089,0.526055,7.54718
1109,2,1.39137,5.63629,0.526422,7.55409
1110,2,1.39238,5.64202,0.526855,7.56126
1111,2,1.39327,5.64699,0.527609,7.56787
1112,2,1.39456,5.65135,0.528058,7.57397
1113,2,1.39558,5.65661,0.528477,7.58066
1114,2,1.39657,5.66109,0.528759,7.58643
1115,2,1.39771,5.66561,0.529183,7.59251
1116,2,1.39876,5.67043,0.529513,7.5987
1117,2,1.40017,5.67693,0.530186,7.60728
1118,2,1.40136,5.68259,0.530488,7.61445
1119,2,1.40266,5.68796,0.530852,7.62147
1120,2,1.40348,5.69376,0.53123,7.62847
1121,2,1.40447,5.69916,0.531607,7.63524
1122,2,1.41025,5.71748,0.531857,7.65959
1123,2,1.41084,5.73326,0.53217,7.67627
1124,2,1.41206,5.73814,0.532837,7.68304
1125,2,1.41322,5.74279,0.533244,7.68925
1126,2,1.41453,5.74802,0.533612,7.69616
1127,2,1.41588,5.75302,0.534187,7.70308
1128,2,1.41706,5.7581,0.534509,7.70966
1129,2,1.4184,5.76298,0.534895,7.71628
1130,2,1.41988,5.76815,0.535147,7.72318
1131,2,1.42265,5.7745,0.535727,7.73287
1132,2,1.42524,5.78064,0.536939,7.74282
1133,2,1.42642,5.78634,0.537366,7.75013
1134,2,1.42826,5.79225,0.538438,7.75895
1135,2,1.4297,5.79749,0.538775,7.76597
1136,2,1.43093,5.80347,0.539394,7.77379
1137,2,1.43226,5.80845,0.539862,7.78058
1138,2,1.43378,5.81327,0.54046,7.78751
1139,2,1.43487,5.81824,0.540865,7.79398
1140,2,1.43611,5.82315,0.541297,7.80055
1141,2,1.43715,5.82818,0.541494,7.80683
1142,2,1.43837,5.83298,0.541846,7.8132
1143,2,1.43957,5.83735,0.542229,7.81915
1144,2,1.44094,5.84191,0.542593,7.82545
1145,2,1.44234,5.8473,0.542936,7.83258
1146,2,1.44365,5.85579,0.543993,7.84343
1147,2,1.44463,5.86091,0.544369,7.84991
1148,2,1.44589,5.8653,0.544746,7.85594
1149,2,1.44793,5.87142,0.545439,7.86478
1150,2,1.44954,5.87703,0.54665,7.87322
1151,2,1.45063,5.88278,0.546952,7.88035
1152,2,1.45203,5.88817,0.547352,7.88755
1153,2,1.45584,5.90451,0.551041,7.91139
1154,2,1.46198,5.90832,0.551318,7.92162
1155,2,1.46277,5.91395,0.551505,7.92823
1156,2,1.46405,5.91963,0.552946,7.93663
1157,2,1.46527,5.92468,0.553367,7.94331
1158,2,1.46701,5.92961,0.553704,7.95032
1159,2,1.46821,5.9347,0.554088,7.95699
1160,2,1.47017,5.94082,0.55513,7.96612
1161,2,1.47214,5.94831,0.555506,7.97596
1162,2,1.47377,5.954,0.556107,7.98388
1163,2,1.47559,5.96042,0.556423,7.99244
1164,2,1.47742,5.96772,0.557186,8.00232
1165,2,1.47892,5.97301,0.55762,8.00954
1166,2,1.48045,5.9784,0.557832,8.01667
1167,2,1.48161,5.98284,0.558335,8.02279
1168,2,1.48271,5.98738,0.558695,8.02878
1169,2,1.48388,5.99282,0.559018,8.03572
1170,2,1.4849,5.99794,0.559395,8.04224
1171,2,1.48576,6.00286,0.55983,8.04845
1172,2,1.48683,6.00831,0.560131,8.05527
1173,2,1.48805,6.01319,0.560685,8.06192
1174,2,1.48933,6.01771,0.561125,8.06817
1175,2,1.49049,6.02277,0.561561,8.07482
1176,2,1.49155,6.02751,0.561949,8.08101
1177,2,1.49248,6.03283,0.562458,8.08777
1178,2,1.49426,6.03956,0.56293,8.09676
1179,2,1.4954,6.04538,0.563475,8.10426
1180,2,1.4971,6.05161,0.563971,8.11268
1181,2,1.50055,6.05767,0.564916,8.12314
1182,2,1.50236,6.06463,0.565399,8.13239
1183,2,1.50371,6.07116,0.566065,8.14094
1184,2,1.50498,6.07945,0.566741,8.15117
1185,2,1.50661,6.08588,0.567202,8.15969
1186,2,1.50848,6.0925,0.567987,8.16897
1187,2,1.5103,6.10051,0.568304,8.17912
1188,2,1.51121,6.10635,0.568647,8.18621
1189,2,1.51209,6.11249,0.568986,8.19357
1190,2,1.5134,6.11709,0.569375,8.19987
1191,2,1.51489,6.1221,0.569717,8.20671
1192,2,1.51624,6.12664,0.570144,8.21303
1193,2,1.51753,6.13118,0.570528,8.21923
1194,2,1.51885,6.13555,0.571124,8.22552
1195,2,1.51981,6.14046,0.57141,8.23168
1196,2,1.52098,6.14496,0.571744,8.23769
1197,2,1.52186,6.14969,0.57206,8.24362
1198,2,1.52306,6.15481,0.572617,8.25048
1199,2,1.52441,6.15927,0.57316,8.25684
1200,2,1.52557,6.1638,0.573691,8.26307
1201,2,1.52705,6.16805,0.574092,8.26919
1202,2,1.52847,6.1726,0.574525,8.27559
1203,2,1.52968,6.17817,0.574945,8.28279
1204,2,1.53097,6.18335,0.575432,8.28976
1205,2,1.53208,6.18926,0.576077,8.29742
1206,2,1.53326,6.19403,0.57637,8.30366
1207,2,1.5344,6.19875,0.576652,8.3098
1208,2,1.53515,6.20335,0.577087,8.31558
1209,2,1.53611,6.2087,0.577603,8.32241
1210,2,1.53737,6.21326,0.577977,8.32861
1211,2,1.53837,6.21748,0.578366,8.33421
1212,2,1.53958,6.2219,0.578784,8.34027
1213,2,1.54062,6.22651,0.579137,8.34627
1214,2,1.54157,6.23137,0.579406,8.35235
1215,2,1.54264,6.23602,0.579739,8.3584
1216,2,1.54374,6.24058,0.580051,8.36438
1217,2,1.54465,6.24551,0.580469,8.37062
1218,2,1.54594,6.25004,0.580922,8.3769
1219,2,1.54723,6.25475,0.581187,8.38316
1220,2,1.54861,6.25997,0.581495,8.39008
1221,2,1.54959,6.26457,0.582044,8.3962
1222,2,1.55067,6.26922,0.582838,8.40273
1223,2,1.55191,6.27419,0.583174,8.40928
1224,2,1.5531,6.27857,0.583547,8.41521
1225,2,1.5542,6.28312,0.583905,8.42123
1226,2,1.55535,6.28793,0.584219,8.4275
1227,2,1.55645,6.29231,0.584587,8.43335
1228,2,1.55749,6.29783,0.584937,8.44026
1229,2,1.55959,6.30349,0.585349,8.44843
1230,2,1.56179,6.30904,0.585963,8.45679
1231,2,1.56356,6.3148,0.586302,8.46466
1232,2,1.56505,6.32086,0.586769,8.47268
1233,2,1.56613,6.32805,0.58742,8.4816
1234,2,1.56736,6.33334,0.588575,8.48927
1235,2,1.56873,6.3384,0.588931,8.49606
1236,2,1.56985,6.34359,0.58949,8.50294
1237,2,1.57122,6.34848,0.589929,8.50962
1238,2,1.57253,6.35336,0.590375,8.51626
1239,2,1.57362,6.35877,0.590666,8.52305
1240,2,1.57472,6.36326,0.591069,8.52905
1241,2,1.57599,6.36762,0.591422,8.53502
1242,2,1.57712,6.37419,0.591661,8.54298
1243,2,1.57865,6.38107,0.592229,8.55195
1244,2,1.58031,6.38718,0.592932,8.56042
1245,2,1.58179,6.39296,0.593358,8.56812
1246,2,1.58333,6.3987,0.593901,8.57592
1247,2,1.58479,6.40481,0.594235,8.58384
1248,2,1.58655,6.41117,0.594733,8.59245
1249,2,1.58802,6.41689,0.595165,8.60008
1250,2,1.58922,6.42214,0.595747,8.6071
1251,2,1.5906,6.42644,0.596238,8.61327
1252,2,1.59189,6.43069,0.59666,8.61924
1253,2,1.59297,6.43553,0.597078,8.62558
1254,2,1.59428,6.43999,0.597509,8.63177
1255,2,1.59522,6.44462,0.597976,8.63782
1256,2,1.59628,6.44909,0.598444,8.64381
1257,2,1.59739,6.45331,0.598847,8.64955
1258,2,1.59857,6.45809,0.599222,8.65588
1259,2,1.59963,6.46249,0.599567,8.66169
1260,2,1.60069,6.46712,0.600048,8.66786
1261,2,1.60182,6.47184,0.600444,8.67411
1262,2,1.60281,6.47691,0.600717,8.68044
1263,2,1.60383,6.48199,0.60116,8.68698
1264,2,1.60499,6.4864,0.601559,8.69295
1265,2,1.60594,6.49102,0.60198,8.69894
1266,2,1.60705,6.49542,0.602382,8.70486
1267,2,1.60803,6.50025,0.60273,8.71101
1268,2,1.60929,6.50482,0.603169,8.71727
1269,2,1.61037,6.50946,0.603522,8.72335
1270,2,1.61163,6.51464,0.604321,8.73059
1271,2,1.61298,6.52001,0.604881,8.73787
1272,2,1.61429,6.52489,0.605372,8.74456
1273,2,1.61527,6.5294,0.605642,8.75031
1274,2,1.61619,6.5339,0.606,8.75609
1275,2,1.61728,6.53835,0.606499,8.76214
1276,2,1.61844,6.5432,0.606916,8.76856
1277,2,1.61968,6.54744,0.607365,8.77449
1278,2,1.62071,6.55186,0.607911,8.78049
1279,2,1.62172,6.55615,0.608382,8.78625
1280,2,1.62249,6.56127,0.608788,8.79255
1281,2,1.62377,6.56533,0.609183,8.79828
1282,2,1.62485,6.57032,0.609769,8.80494
1283,2,1.62604,6.57457,0.610193,8.81081
1284,2,1.6272,6.57902,0.610812,8.81703
1285,2,1.62823,6.58363,0.611236,8.8231
1286,2,1.62929,6.58838,0.611494,8.82917
1287,2,1.63055,6.59215,0.611847,8.83454
1288,2,1.63165,6.59665,0.612233,8.84053
1289,2,1.63271,6.60125,0.612707,8.84667
1290,2,1.63431,6.60564,0.613272,8.85321
1291,2,1.63564,6.61059,0.613575,8.8598
1292,2,1.63683,6.61505,0.613964,8.86585
1293,2,1.63791,6.61965,0.614345,8.87191
1294,2,1.64052,6.62661,0.615006,8.88214
1295,2,1.64253,6.63266,0.615737,8.89093
1296,2,1.64413,6.63888,0.616149,8.89916
1297,2,1.64574,6.64412,0.6166,8.90646
1298,2,1.64719,6.64913,0.61702,8.91333
1299,2,1.64859,6.65395,0.617307,8.91985
1300,2,1.64993,6.65975,0.617706,8.92739
1301,2,1.65127,6.66475,0.618077,8.93409
1302,2,1.65281,6.66978,0.618489,8.94107
1303,2,1.65433,6.67415,0.618891,8.94738
1304,2,1.65542,6.67894,0.619289,8.95365
1305,2,1.65838,6.68655,0.623632,8.96856
1306,2,1.662,6.69394,0.626247,8.98219
1307,2,1.6652,6.69841,0.626717,8.99032
1308,2,1.66601,6.70324,0.627094,8.99635
1309,2,1.66704,6.70837,0.627491,9.0029
1310,2,1.66834,6.71373,0.627999,9.01007
1311,2,1.66976,6.71905,0.628327,9.01714
1312,2,1.67138,6.72442,0.629454,9.02525
1313,2,1.67263,6.72968,0.63016,9.03247
1314,2,1.67398,6.73486,0.630528,9.03937
1315,2,1.67669,6.74192,0.631219,9.04983
1316,2,1.67836,6.74777,0.631901,9.05803
1317,2,1.67991,6.75309,0.632313,9.06532
1318,2,1.68203,6.75934,0.632638,9.07401
1319,2,1.68347,6.76517,0.632838,9.08148
1320,2,1.6848,6.77051,0.633292,9.08861
1321,2,1.68609,6.77542,0.633638,9.09515
1322,2,1.68705,6.78114,0.633957,9.10214
1323,2,1.6885,6.78598,0.634375,9.10886
1324,2,1.68988,6.79099,0.634895,9.11577
1325,2,1.69075,6.79671,0.635411,9.12287
1326,2,1.69216,6.8013,0.635877,9.12933
1327,2,1.69314,6.80581,0.636526,9.13547
1328,2,1.69426,6.81106,0.636862,9.14218
1329,2,1.69517,6.81646,0.637244,9.14887
1330,2,1.69626,6.82136,0.63755,9.15517
1331,2,1.69708,6.82661,0.63799,9.16168
1332,2,1.69805,6.83135,0.63851,9.16792
1333,2,1.69948,6.8359,0.64082,9.1762
1334,2,1.70115,6.84205,0.641262,9.18446
1335,2,1.70246,6.8474,0.641643,9.1915
1336,2,1.70389,6.85275,0.642116,9.19875
1337,2,1.70506,6.85783,0.642467,9.20536
1338,2,1.70651,6.86337,0.642962,9.21285
1339,2,1.70863,6.87894,0.647151,9.23472
1340,2,1.71131,6.88296,0.647679,9.24194
1341,2,1.71271,6.88807,0.648341,9.24913
1342,2,1.71362,6.89359,0.648762,9.25597
1343,2,1.71483,6.89845,0.649123,9.26241
1344,2,1.71614,6.90332,0.649455,9.26891
1345,2,1.71748,6.90821,0.649926,9.27562
1346,2,1.71892,6.91301,0.650412,9.28235
1347,2,1.72032,6.91791,0.650678,9.28891
1348,2,1.72555,6.92362,0.651263,9.30043
1349,2,1.72684,6.93012,0.654,9.31096
1350,2,1.72856,6.93569,0.654595,9.31884
1351,2,1.73068,6.941,0.65498,9.32665
1352,2,1.73222,6.94843,0.655492,9.33614
1353,2,1.73355,6.95364,0.656034,9.34323
1354,2,1.73495,6.9588,0.65645,9.3502
1355,2,1.73579,6.96429,0.656741,9.35682
1356,2,1.73683,6.96929,0.656976,9.36309
1357,2,1.73794,6.97442,0.65741,9.36977
1358,2,1.73929,6.97862,0.657899,9.37581
1359,2,1.7404,6.98373,0.658432,9.38256
1360,2,1.74135,6.98857,0.658846,9.38876
1361,2,1.74263,6.99317,0.659149,9.39495
1362,2,1.744,6.99785,0.659521,9.40137
1363,2,1.74534,7.00413,0.660005,9.40948
1364,2,1.74648,7.0094,0.660342,9.41623
1365,2,1.74794,7.01469,0.660703,9.42333
1366,2,1.74912,7.02023,0.661029,9.43038
1367,2,1.75057,7.0266,0.661487,9.43866
1368,2,1.75555,7.03826,0.664988,9.45881
1369,2,1.75701,7.04558,0.665396,9.46798
1370,2,1.75984,7.04977,0.666221,9.47583
1371,2,1.76113,7.05475,0.666697,9.48258
1372,2,1.76295,7.05871,0.667539,9.48921
1373,2,1.76468,7.06329,0.667996,9.49597
1374,2,1.76623,7.06872,0.668567,9.50351
1375,2,1.76788,7.07381,0.66898,9.51066
1376,2,1.76919,7.07893,0.669356,9.51747
1377,2,1.77174,7.08604,0.670002,9.52778
1378,2,1.77288,7.09245,0.670348,9.53568
1379,2,1.77443,7.09826,0.670899,9.54359
1380,2,1.77665,7.10368,0.671605,9.55194
1381,2,1.77827,7.10914,0.671964,9.55937
1382,2,1.77944,7.11472,0.672317,9.56648
1383,2,1.78041,7.11949,0.672724,9.57262
1384,2,1.78164,7.1239,0.67316,9.57869
1385,2,1.78261,7.12895,0.673521,9.58508
1386,2,1.78335,7.13522,0.673833,9.5924
1387,2,1.78455,7.13969,0.674207,9.59845
1388,2,1.78569,7.14422,0.674643,9.60456
1389,2,1.78683,7.14891,0.675028,9.61077
1390,2,1.78783,7.15381,0.675425,9.61707
1391,2,1.789,7.15847,0.675897,9.62336
1392,2,1.79017,7.1629,0.676193,9.62926
1393,2,1.79113,7.16795,0.676484,9.63556
1394,2,1.7925,7.17325,0.676919,9.64267
1395,2,1.79371,7.17915,0.677538,9.6504
1396,2,1.79558,7.184,0.678294,9.65788
1397,2,1.79699,7.18898,0.678792,9.66477
1398,2,1.79834,7.19499,0.679293,9.67263
1399,2,1.79938,7.20111,0.679564,9.68005
1400,2,1.80047,7.2086,0.680251,9.68932
1401,2,1.80195,7.21582,0.680609,9.69838
1402,2,1.80282,7.22169,0.680927,9.70543
1403,2,1.80418,7.22742,0.681354,9.71296
1404,2,1.80588,7.23397,0.681999,9.72185
1405,2,1.80771,7.23958,0.682451,9.72974
1406,2,1.80916,7.24645,0.683051,9.73867
1407,2,1.81102,7.25443,0.683427,9.74887
1408,2,1.81215,7.2598,0.683779,9.75573
1409,2,1.81347,7.26537,0.684346,9.76319
1410,2,1.81448,7.26979,0.68483,9.76909
1411,2,1.81562,7.27465,0.685068,9.77534
1412,2,1.81691,7.27908,0.685388,9.78138
1413,2,1.81832,7.28359,0.685656,9.78757
1414,2,1.8194,7.28824,0.686022,9.79366
1415,2,1.82067,7.29275,0.686391,9.79981
1416,2,1.82175,7.29752,0.686782,9.80605
1417,2,1.82293,7.30204,0.687135,9.8121
1418,2,1.82402,7.30702,0.687884,9.81893
1419,2,1.82514,7.31236,0.688375,9.82587
1420,2,1.8261,7.3175,0.688749,9.83234
1421,2,1.82702,7.32236,0.689253,9.83863
1422,2,1.82809,7.32702,0.689565,9.84468
1423,2,1.82893,7.33242,0.689918,9.85127
1424,2,1.83023,7.33675,0.690308,9.85728
1425,2,1.83131,7.34173,0.690613,9.86364
1426,2,1.83241,7.34665,0.690951,9.87001
1427,2,1.83347,7.35104,0.691344,9.87586
1428,2,1.83474,7.35552,0.691717,9.88198
1429,2,1.83576,7.3599,0.69214,9.88781
1430,2,1.83664,7.36445,0.692803,9.89389
1431,2,1.83798,7.36876,0.69326,9.9
1432,2,1.83914,7.37326,0.693712,9.90611
1433,2,1.84025,7.37741,0.693978,9.91164
1434,2,1.84132,7.38184,0.694343,9.91751
1435,2,1.84191,7.38701,0.694693,9.92361
1436,2,1.84283,7.39188,0.695226,9.92994
1437,2,1.84386,7.39703,0.695551,9.93645
1438,2,1.84482,7.40177,0.695886,9.94248
1439,2,1.84593,7.40632,0.696231,9.94847
1440,2,1.84688,7.41112,0.696541,9.95454
1441,2,1.84801,7.41572,0.696944,9.96068
1442,2,1.84907,7.42075,0.697331,9.96715
1443,2,1.85028,7.42517,0.697646,9.9731
1444,2,1.85138,7.42963,0.69797,9.97898
1445,2,1.85267,7.43428,0.698358,9.98531
1446,2,1.85383,7.43868,0.69884,9.99135
1447,2,1.85487,7.44463,0.699257,9.99876
1448,2,1.85598,7.44931,0.699456,10.0047
1449,2,1.85673,7.45449,0.699709,10.0109
1450,2,1.85768,7.4589,0.700023,10.0166
1451,2,1.85874,7.4636,0.700271,10.0226
1452,2,1.86015,7.46785,0.700663,10.0287
1453,2,1.86124,7.47276,0.700855,10.0349
1454,2,1.86248,7.47783,0.701329,10.0416
1455,2,1.86338,7.4823,0.701692,10.0474
1456,2,1.86459,7.48721,0.702065,10.0539
1457,2,1.8657,7.49225,0.702373,10.0603
1458,2,1.86663,7.4967,0.702713,10.066
1459,2,1.86771,7.50116,0.703163,10.072
1460,2,1.86884,7.50587,0.703558,10.0783
1461,2,1.86994,7.51042,0.703919,10.0843
1462,2,1.87099,7.51516,0.704271,10.0904
1463,2,1.87447,7.51888,0.704465,10.0978
1464,2,1.87534,7.52408,0.705381,10.1048
1465,2,1.87657,7.52886,0.705872,10.1113
1466,2,1.8784,7.5341,0.706377,10.1189
1467,2,1.88049,7.53948,0.706803,10.1268
1468,2,1.88214,7.54496,0.707227,10.1343
1469,2,1.88375,7.55026,0.707987,10.142
1470,2,1.88517,7.55631,0.708533,10.15
1471,2,1.88655,7.56138,0.708734,10.1567
1472,2,1.88761,7.56711,0.709133,10.1638
1473,2,1.88869,7.57244,0.709316,10.1704
1474,2,1.88975,7.5776,0.709785,10.1771
1475,2,1.89094,7.58228,0.71007,10.1833
1476,2,1.89189,7.58709,0.710502,10.1895
1477,2,1.89302,7.59198,0.710862,10.1959
1478,2,1.89402,7.5972,0.711329,10.2025
1479,2,1.89522,7.60229,0.71151,10.209
1480,2,1.89627,7.60701,0.711819,10.2151
1481,2,1.8969,7.61239,0.712145,10.2214
1482,2,1.8977,7.6175,0.712569,10.2278
1483,2,1.899,7.62235,0.712974,10.2343
1484,2,1.89997,7.62833,0.713558,10.2419
1485,2,1.90129,7.6333,0.7139,10.2485
1486,2,1.90265,7.63818,0.714294,10.2551
1487,2,1.90382,7.64286,0.714671,10.2613
1488,2,1.90524,7.6474,0.715054,10.2677
1489,2,1.90652,7.65195,0.715398,10.2739
1490,2,1.90762,7.65676,0.715794,10.2802
1491,2,1.90896,7.66112,0.716201,10.2863
1492,2,1.91018,7.66594,0.716465,10.2926
1493,2,1.91129,7.67067,0.716734,10.2987
1494,2,1.91217,7.67551,0.716998,10.3047
1495,2,1.91317,7.68004,0.717294,10.3105
1496,2,1.91419,7.68471,0.717566,10.3165
1497,2,1.9152,7.68924,0.717889,10.3223
1498,2,1.91587,7.69433,0.718114,10.3283
1499,2,1.9166,7.69936,0.718438,10.3344
1500,2,1.91764,7.70438,0.719246,10.3413
1501,2,1.91904,7.70887,0.719723,10.3476
1502,2,1.9202,7.71404,0.719979,10.3542
1503,2,1.92135,7.71901,0.720345,10.3607
1504,2,1.92226,7.72469,0.720913,10.3679
1505,2,1.92328,7.72926,0.721347,10.3739
1506,2,1.92412,7.73403,0.721682,10.3798
1507,2,1.92509,7.73994,0.72212,10.3872
1508,2,1.92644,7.74494,0.722342,10.3937
1509,2,1.92747,7.74988,0.72278,10.4001
1510,2,1.92847,7.75473,0.723125,10.4063
1511,2,1.92971,7.75949,0.723413,10.4126
1512,2,1.93097,7.76423,0.723663,10.4189
1513,2,1.93199,7.76914,0.724042,10.4252
1514,2,1.93315,7.77398,0.724389,10.4315
1515,2,1.93432,7.77892,0.724636,10.4379
1516,2,1.93571,7.78357,0.725015,10.4443
1517,2,1.93679,7.78862,0.725381,10.4508
1518,2,1.93811,7.79357,0.725817,10.4575
1519,2,1.93958,7.7995,0.726196,10.4653
1520,2,1.94093,7.80519,0.727221,10.4733
1521,2,1.94248,7.81084,0.727788,10.4811
1522,2,1.94406,7.81611,0.728441,10.4886
1523,2,1.94525,7.82186,0.7287,10.4958
1524,2,1.94643,7.82755,0.729114,10.5031
1525,2,1.94759,7.83313,0.729736,10.5105
1526,2,1.94873,7.83775,0.730377,10.5169
1527,2,1.94973,7.84287,0.730677,10.5233
1528,2,1.951,7.84717,0.731035,10.5292
1529,2,1.95204,7.85194,0.731354,10.5353
1530,2,1.953,7.85678,0.731784,10.5416
1531,2,1.95375,7.86187,0.73231,10.5479
1532,2,1.95468,7.86712,0.732737,10.5545
1533,2,1.95593,7.87135,0.733193,10.5605
1534,2,1.95685,7.87658,0.733534,10.567
1535,2,1.95788,7.8819,0.733891,10.5737
1536,2,1.95912,7.88625,0.73435,10.5797
1537,2,1.96017,7.89144,0.734793,10.5864
1538,2,1.96098,7.89668,0.735178,10.5928
1539,2,1.96225,7.9015,0.73571,10.5995
1540,2,1.96338,7.90626,0.736089,10.6057
1541,2,1.9646,7.91083,0.736609,10.612
1542,2,1.9658,7.91538,0.737168,10.6183
1543,2,1.96674,7.92099,0.73762,10.6253
1544,2,1.96776,7.92579,0.738139,10.6317
1545,2,1.96907,7.93037,0.738534,10.638
1546,2,1.97018,7.93505,0.738925,10.6442
1547,2,1.97256,7.93865,0.739322,10.6505
1548,2,1.97386,7.94314,0.73988,10.6569
1549,2,1.97493,7.94781,0.740262,10.663
1550,2,1.97634,7.95258,0.74061,10.6695
1551,2,1.97737,7.9573,0.741018,10.6757
1552,2,1.97816,7.96206,0.741434,10.6817
1553,2,1.97913,7.96702,0.741913,10.6881
1554,2,1.98004,7.97173,0.742246,10.694
1555,2,1.98131,7.97635,0.742579,10.7002
1556,2,1.98244,7.98113,0.742985,10.7066
1557,2,1.98382,7.98569,0.743331,10.7128
1558,2,1.98499,7.9902,0.743724,10.7189
1559,2,1.98595,7.99525,0.744255,10.7255
1560,2,1.987,7.9999,0.744587,10.7315
1561,2,1.98785,8.00535,0.744968,10.7382
1562,2,1.98897,8.01007,0.745393,10.7444
1563,2,1.98998,8.01508,0.745652,10.7507
1564,2,1.99112,8.01966,0.746014,10.7568
1565,2,1.99232,8.02472,0.746429,10.7635
1566,2,1.99349,8.02973,0.746857,10.7701
1567,2,1.99462,8.03442,0.74729,10.7763
1568,2,1.99609,8.03916,0.747835,10.7831
1569,2,1.99697,8.04415,0.748304,10.7894
1570,2,1.99805,8.04887,0.7488,10.7957
1571,2,1.99931,8.05323,0.749142,10.8017
1572,2,2.00044,8.05785,0.74961,10.8079
1573,2,2.00166,8.06309,0.749986,10.8147
1574,2,2.00318,8.06769,0.75029,10.8212
1575,2,2.00442,8.07227,0.750855,10.8275
1576,2,2.00576,8.07684,0.751295,10.8339
1577,2,2.00694,8.08152,0.751914,10.8404
1578,2,2.00797,8.08636,0.752207,10.8465
1579,2,2.00902,8.09105,0.752524,10.8526
1580,2,2.01138,8.09733,0.75352,10.8622
1581,2,2.01248,8.10266,0.753785,10.8689
1582,2,2.01375,8.10758,0.754077,10.8754
1583,2,2.01513,8.11571,0.754435,10.8853
1584,2,2.01655,8.12111,0.754845,10.8925
1585,2,2.01787,8.12682,0.755231,10.8999
1586,2,2.01896,8.13363,0.756036,10.9086
1587,2,2.02055,8.13868,0.756483,10.9157
1588,2,2.02178,8.1438,0.756781,10.9224
1589,2,2.02319,8.14902,0.75732,10.9295
1590,2,2.02423,8.15489,0.757967,10.9371
1591,2,2.02501,8.16055,0.758633,10.9442
1592,2,2.02617,8.16524,0.759046,10.9505
1593,2,2.0274,8.16977,0.759443,10.9566
1594,2,2.02835,8.17491,0.759993,10.9633
1595,2,2.02961,8.1795,0.760301,10.9694
1596,2,2.03044,8.18415,0.760655,10.9752
1597,2,2.03176,8.18843,0.76102,10.9812
1598,2,2.03319,8.19609,0.761581,10.9909
1599,2,2.03442,8.2016,0.761927,10.9979
1600,2,2.0351,8.20819,0.762239,11.0055
1601,2,2.03579,8.21388,0.762748,11.0124
1602,2,2.03676,8.21872,0.763079,11.0186
1603,2,2.0378,8.22379,0.763444,11.025
1604,2,2.03899,8.22829,0.763978,11.0313
1605,2,2.04011,8.23287,0.764383,11.0374
1606,2,2.04139,8.23769,0.764821,11.0439
1607,2,2.0421,8.24314,0.76524,11.0505
1608,2,2.04318,8.24852,0.765659,11.0574
1609,2,2.04448,8.25353,0.766118,11.0641
1610,2,2.04575,8.25817,0.76668,11.0706
1611,2,2.04686,8.26285,0.767044,11.0768
1612,2,2.04802,8.26738,0.767424,11.0828
1613,2,2.0491,8.27189,0.767758,11.0887
1614,2,2.05028,8.27682,0.769186,11.0963
1615,2,2.05142,8.28276,0.770325,11.1045
1616,2,2.05286,8.29386,0.770693,11.1174
1617,2,2.05358,8.29984,0.771236,11.1247
1618,2,2.05915,8.30395,0.771782,11.1349
1619,2,2.06041,8.30983,0.772317,11.1426
1620,2,2.06183,8.31462,0.772826,11.1493
1621,2,2.06341,8.31891,0.773282,11.1556
1622,2,2.06489,8.32311,0.773694,11.1617
1623,2,2.06595,8.3286,0.774082,11.1686
1624,2,2.06734,8.33316,0.774664,11.1752
1625,2,2.0682,8.33848,0.77519,11.1819
1626,2,2.06947,8.34339,0.775514,11.1884
1627,2,2.07071,8.34817,0.775838,11.1947
1628,2,2.07177,8.35638,0.776394,11.2046
1629,2,2.07315,8.36111,0.776908,11.2112
1630,2,2.07453,8.36611,0.777635,11.2183
1631,2,2.07592,8.37114,0.777931,11.225
1632,2,2.07714,8.37662,0.778332,11.2321
1633,2,2.07939,8.38337,0.779163,11.2419
1634,2,2.08108,8.38802,0.779623,11.2487
1635,2,2.08265,8.39351,0.78002,11.2562
1636,2,2.0841,8.3988,0.78039,11.2633
1637,2,2.08538,8.40422,0.780751,11.2704
1638,2,2.08663,8.40891,0.781235,11.2768
1639,2,2.08817,8.41386,0.784625,11.2867
1640,2,2.08952,8.41833,0.785161,11.293
1641,2,2.09057,8.42377,0.785493,11.2998
1642,2,2.09181,8.42856,0.785756,11.3061
1643,2,2.09274,8.43436,0.786135,11.3132
1644,2,2.09761,8.43875,0.787204,11.3236
1645,2,2.0995,8.44604,0.789242,11.3348
1646,2,2.10169,8.45662,0.789868,11.3482
1647,2,2.10238,8.4614,0.790342,11.3541
1648,2,2.10533,8.46955,0.790941,11.3658
1649,2,2.10719,8.47531,0.791546,11.374
1650,2,2.1086,8.48693,0.791903,11.3874
1651,2,2.11083,8.495,0.792668,11.3985
1652,2,2.11315,8.50032,0.793175,11.4066
1653,2,2.11447,8.50628,0.793549,11.4143
1654,2,2.11886,8.51008,0.794012,11.4229
1655,2,2.11955,8.5156,0.794891,11.43
1656,2,2.12078,8.52056,0.795288,11.4366
1657,2,2.12177,8.52571,0.795688,11.4432
1658,2,2.12248,8.5311,0.796195,11.4498
1659,2,2.12379,8.53609,0.796559,11.4564
1660,2,2.12588,8.54115,0.796795,11.4638
1661,2,2.12701,8.54696,0.797215,11.4712
1662,2,2.12826,8.55261,0.797544,11.4784
1663,2,2.1297,8.55683,0.79796,11.4845
1664,2,2.13041,8.56249,0.798264,11.4912
1665,2,2.13158,8.56718,0.798675,11.4974
1666,2,2.13256,8.57216,0.79891,11.5036
1667,2,2.13369,8.57705,0.79934,11.5101
1668,2,2.13499,8.58143,0.799817,11.5162
1669,2,2.13613,8.58639,0.800261,11.5228
1670,2,2.13718,8.59106,0.80061,11.5288
1671,2,2.13824,8.5957,0.801054,11.535
1672,2,2.13891,8.60161,0.801475,11.542
1673,2,2.13997,8.60748,0.801911,11.5494
1674,2,2.14133,8.61199,0.802211,11.5555
1675,2,2.14523,8.61594,0.802858,11.564
1676,2,2.147,8.62118,0.803335,11.5715
1677,2,2.14865,8.62884,0.803766,11.5813
1678,2,2.14996,8.63368,0.80423,11.5879
1679,2,2.15077,8.63921,0.805113,11.5951
1680,2,2.15243,8.64483,0.805637,11.6029
1681,2,2.15336,8.64954,0.806089,11.609
1682,2,2.15457,8.65603,0.806486,11.6171
1683,2,2.15607,8.66198,0.806923,11.625
1684,2,2.15809,8.66886,0.808019,11.635
1685,2,2.15943,8.67436,0.808496,11.6423
1686,2,2.16082,8.68151,0.809073,11.6514
1687,2,2.16289,8.68848,0.809738,11.6611
1688,2,2.16444,8.69386,0.810172,11.6685
1689,2,2.16636,8.69888,0.810478,11.6757
1690,2,2.16753,8.70336,0.810814,11.6817
1691,2,2.16881,8.70766,0.811235,11.6877
1692,2,2.17012,8.71262,0.811527,11.6943
1693,2,2.17097,8.71854,0.811852,11.7014
1694,2,2.17205,8.72324,0.812237,11.7075
1695,2,2.17266,8.72858,0.812692,11.7139
1696,2,2.17365,8.73301,0.813113,11.7198
1697,2,2.17486,8.73741,0.813491,11.7258
1698,2,2.17601,8.74187,0.813807,11.7317
1699,2,2.17705,8.74629,0.814196,11.7375
1700,2,2.17836,8.75176,0.815032,11.7452
1701,2,2.18026,8.75657,0.815678,11.7525
1702,2,2.18155,8.76139,0.815999,11.7589
1703,2,2.18285,8.76604,0.816358,11.7652
1704,2,2.18367,8.7716,0.816728,11.772
1705,2,2.18498,8.7764,0.817046,11.7784
1706,2,2.18572,8.78188,0.81747,11.7851
1707,2,2.18685,8.78621,0.817816,11.7909
1708,2,2.18792,8.79099,0.818196,11.7971
1709,2,2.18889,8.79579,0.818715,11.8034
1710,2,2.18993,8.80043,0.81912,11.8095
1711,2,2.19102,8.80503,0.819493,11.8155
1712,2,2.19228,8.80952,0.819863,11.8217
1713,2,2.19317,8.81417,0.820145,11.8275
1714,2,2.19422,8.81992,0.820556,11.8347
1715,2,2.19545,8.82445,0.821014,11.8409
1716,2,2.19645,8.82922,0.82134,11.847
1717,2,2.19761,8.83371,0.821815,11.8531
1718,2,2.19876,8.83813,0.8221,11.859
1719,2,2.19961,8.84321,0.822504,11.8653
1720,2,2.20068,8.84832,0.822936,11.8719
1721,2,2.20178,8.85288,0.823374,11.878
1722,2,2.20295,8.85728,0.823764,11.884
1723,2,2.20392,8.86252,0.824076,11.8905
1724,2,2.20485,8.86771,0.824476,11.897
1725,2,2.2057,8.87521,0.82483,11.9057
1726,2,2.20685,8.88044,0.825161,11.9125
1727,2,2.20788,8.88515,0.82547,11.9185
1728,2,2.20911,8.89026,0.82578,11.9251
1729,2,2.20982,8.89579,0.826156,11.9318
1730,2,2.21085,8.90072,0.826513,11.9381
1731,2,2.21187,8.90564,0.826798,11.9443
1732,2,2.21287,8.91062,0.827298,11.9508
1733,2,2.21389,8.91577,0.82749,11.9571
1734,2,2.21498,8.92112,0.827966,11.9641
1735,2,2.21606,8.92581,0.828386,11.9703
1736,2,2.21706,8.931,0.828777,11.9768
1737,2,2.21831,8.93567,0.82936,11.9833
1738,2,2.21938,8.94039,0.829675,11.9894
1739,2,2.22004,8.94559,0.830001,11.9956
1740,2,2.22079,8.95064,0.830241,12.0017
1741,2,2.22182,8.95554,0.830598,12.008
1742,2,2.22279,8.96041,0.830987,12.0142
1743,2,2.22371,8.96583,0.832178,12.0217
1744,2,2.22481,8.97076,0.832521,12.0281
1745,2,2.22606,8.97553,0.832938,12.0345
1746,2,2.22723,8.98054,0.833267,12.041
1747,2,2.22815,8.98536,0.83362,12.0471
1748,2,2.22941,8.98969,0.834221,12.0533
1749,2,2.23037,8.99432,0.834696,12.0594
1750,2,2.23132,8.99964,0.835265,12.0662
1751,2,2.23262,9.00427,0.835534,12.0724
1752,2,2.23479,9.00769,0.835991,12.0785
1753,2,2.23619,9.01229,0.836373,12.0849
1754,2,2.23706,9.01758,0.836679,12.0913
1755,2,2.23814,9.02237,0.836966,12.0975
1756,2,2.23925,9.02697,0.837355,12.1036
1757,2,2.24009,9.03259,0.840167,12.1128
1758,2,2.24099,9.03793,0.840386,12.1193
1759,2,2.24186,9.04273,0.840703,12.1253
1760,2,2.24282,9.04806,0.841091,12.132
1761,2,2.24406,9.05309,0.84255,12.1397
1762,2,2.24497,9.05748,0.842884,12.1453
1763,2,2.24615,9.06246,0.843187,12.1518
1764,2,2.24734,9.06708,0.843882,12.1583
1765,2,2.24874,9.07143,0.844256,12.1644
1766,2,2.24968,9.07646,0.844639,12.1708
1767,2,2.25031,9.08238,0.845021,12.1777
1768,2,2.2516,9.08707,0.845297,12.184
1769,2,2.25276,9.09157,0.845648,12.19
1770,2,2.25377,9.09663,0.846272,12.1967
1771,2,2.25504,9.10123,0.846548,12.2028
1772,2,2.2563,9.1076,0.846913,12.2108
1773,2,2.25763,9.11342,0.84732,12.2184
1774,2,2.25824,9.11902,0.851203,12.2285
1775,2,2.25897,9.12466,0.8516,12.2352
1776,2,2.26008,9.12939,0.853226,12.2427
1777,2,2.26125,9.13412,0.853453,12.2488
1778,2,2.26199,9.13995,0.853822,12.2558
1779,2,2.26327,9.14499,0.854172,12.2624
